-190.0, 0.0, -176.13968679372005, -10.070106995836738, -181.43385534379996, -26.363882385448672, -195.29416855007992, -16.293775389611934
-190.0, -0.0, -176.13968679372005, 10.070106995836738, -181.43385534379996, 26.363882385448672, -195.29416855007992, 16.293775389611934
-170.84551824364013, -26.363882385448676, -176.13968679372005, -10.070106995836738, -181.43385534379996, -26.363882385448672, -176.13968679372005, -42.65765777506061
-190.0, -0.0, -176.13968679372005, 10.070106995836738, -162.27937358744006, 0.0, -176.13968679372002, -10.070106995836738
-170.84551824364013, 26.363882385448676, -176.13968679372005, 10.070106995836738, -181.43385534379996, 26.363882385448672, -176.13968679372005, 42.65765777506061
-170.84551824364013, -58.95143316467254, -156.98520503736015, -69.02154016050929, -162.2793735874401, -85.31531555012123, -176.13968679372007, -75.24520855428447
-170.84551824364013, 58.95143316467254, -156.98520503736015, 69.02154016050929, -162.2793735874401, 85.31531555012123, -176.13968679372007, 75.24520855428447
-176.13968679372005, -42.657657775060606, -170.84551824364013, -58.95143316467254, -153.71322893124, -58.95143316467255, -159.0073974813199, -42.65765777506062
-176.13968679372005, -42.657657775060606, -170.84551824364013, -26.363882385448676, -153.71322893124, -26.363882385448683, -159.0073974813199, -42.65765777506061
-176.13968679372005, -10.070106995836738, -170.84551824364013, -26.363882385448676, -153.71322893124, -26.363882385448683, -159.0073974813199, -10.070106995836746
-176.13968679372005, 10.070106995836738, -170.84551824364013, 26.363882385448676, -153.71322893124, 26.363882385448683, -159.0073974813199, 10.070106995836746
-176.13968679372005, 42.657657775060606, -170.84551824364013, 26.363882385448676, -153.71322893124, 26.363882385448683, -159.0073974813199, 42.65765777506061
-176.13968679372005, 42.657657775060606, -170.84551824364013, 58.95143316467254, -153.71322893124, 58.95143316467255, -159.0073974813199, 42.65765777506062
-159.00739748131997, -95.38542254595797, -145.14708427503996, -85.31531555012123, -162.2793735874401, -85.31531555012123, -176.1396867937201, -95.38542254595797
-159.00739748131997, 95.38542254595797, -145.14708427503996, 85.31531555012123, -162.2793735874401, 85.31531555012123, -176.1396867937201, 95.38542254595797
-159.0073974813199, -10.070106995836738, -176.13968679372005, -10.070106995836738, -162.27937358744006, -0.0, -145.14708427503993, 0.0
-159.0073974813199, 10.070106995836738, -176.13968679372005, 10.070106995836738, -162.27937358744006, 0.0, -145.14708427503993, 0.0
-156.98520503736015, -69.02154016050929, -170.84551824364013, -58.95143316467254, -153.71322893124, -58.95143316467255, -139.85291572496, -69.0215401605093
-156.98520503736015, 69.02154016050929, -170.84551824364013, 58.95143316467254, -153.71322893124, 58.95143316467255, -139.85291572496, 69.0215401605093
-139.85291572496004, -69.02154016050929, -156.98520503736015, -69.02154016050929, -162.2793735874401, -85.31531555012123, -145.14708427504, -85.31531555012123
-139.85291572496004, 69.02154016050929, -156.98520503736015, 69.02154016050929, -162.2793735874401, 85.31531555012123, -145.14708427504, 85.31531555012123
-145.14708427503996, -85.31531555012123, -139.85291572496004, -101.60909093973316, -153.71322893124002, -111.6791979355699, -159.00739748131994, -95.38542254595797
-145.14708427503996, 85.31531555012123, -139.85291572496004, 101.60909093973316, -153.71322893124002, 111.6791979355699, -159.00739748131994, 95.38542254595797
-145.14708427503996, -52.72776477089735, -139.85291572496004, -69.02154016050929, -153.71322893124, -58.95143316467255, -159.0073974813199, -42.65765777506061
-145.14708427503996, -32.58755077922388, -159.00739748131994, -42.65765777506061, -153.71322893124, -26.363882385448683, -139.85291572496, -16.29377538961195
-145.14708427503996, -0.0, -159.0073974813199, -10.070106995836738, -153.71322893124, -26.363882385448683, -139.85291572496004, -16.293775389611945
-145.14708427503996, 0.0, -159.0073974813199, 10.070106995836738, -153.71322893124, 26.363882385448683, -139.85291572496004, 16.293775389611945
-145.14708427503996, 32.58755077922388, -159.00739748131994, 42.65765777506061, -153.71322893124, 26.363882385448683, -139.85291572496, 16.29377538961195
-145.14708427503996, 52.72776477089735, -139.85291572496004, 69.02154016050929, -153.71322893124, 58.95143316467255, -159.0073974813199, 42.65765777506061
-159.00739748131994, -42.65765777506061, -145.14708427503996, -52.72776477089735, -131.28677106876, -42.65765777506062, -145.14708427504, -32.58755077922388
-159.00739748131994, 42.65765777506061, -145.14708427503996, 52.72776477089735, -131.28677106876, 42.65765777506062, -145.14708427504, 32.58755077922388
-125.99260251868009, -111.6791979355699, -139.85291572496004, -101.60909093973316, -153.71322893124002, -111.6791979355699, -139.85291572496007, -121.74930493140664
-125.99260251868009, 111.6791979355699, -139.85291572496004, 101.60909093973316, -153.71322893124002, 111.6791979355699, -139.85291572496007, 121.74930493140664
-139.85291572496004, -121.74930493140664, -125.99260251868009, -111.6791979355699, -131.28677106876, -127.97297332518184, -145.14708427503996, -138.04308032101858
-139.85291572496004, -101.60909093973316, -125.99260251868009, -111.6791979355699, -131.28677106876, -95.38542254595797, -145.14708427503996, -85.31531555012123
-139.85291572496004, -69.02154016050929, -125.99260251868009, -79.09164715634603, -131.28677106876, -95.38542254595797, -145.14708427503996, -85.31531555012123
-139.85291572496004, -69.02154016050929, -125.99260251868009, -58.95143316467256, -131.28677106876, -42.65765777506062, -145.14708427503996, -52.72776477089735
-139.85291572496004, -16.293775389611937, -125.99260251868009, -26.363882385448683, -131.28677106876, -42.65765777506062, -145.14708427503996, -32.587550779223875
-139.85291572496004, 16.293775389611937, -125.99260251868009, 26.363882385448683, -131.28677106876, 42.65765777506062, -145.14708427503996, 32.587550779223875
-139.85291572496004, 69.02154016050929, -125.99260251868009, 58.95143316467256, -131.28677106876, 42.65765777506062, -145.14708427503996, 52.72776477089735
-139.85291572496004, 69.02154016050929, -125.99260251868009, 79.09164715634603, -131.28677106876, 95.38542254595797, -145.14708427503996, 85.31531555012123
-139.85291572496004, 101.60909093973316, -125.99260251868009, 111.6791979355699, -131.28677106876, 95.38542254595797, -145.14708427503996, 85.31531555012123
-139.85291572496004, 121.74930493140664, -125.99260251868009, 111.6791979355699, -131.28677106876, 127.97297332518184, -145.14708427503996, 138.04308032101858
-145.14708427503996, -0.0, -128.01479496263985, -0.0, -122.72062641255994, -16.293775389611945, -139.85291572496004, -16.293775389611945
-145.14708427503996, 0.0, -128.01479496263985, 0.0, -122.72062641255994, 16.293775389611945, -139.85291572496004, 16.293775389611945
-125.99260251868009, -79.09164715634603, -108.86031320627998, -79.09164715634603, -122.72062641255994, -69.02154016050929, -139.85291572496004, -69.02154016050929
-125.99260251868009, -58.95143316467256, -139.85291572496004, -69.02154016050929, -122.72062641255994, -69.02154016050929, -108.86031320627998, -58.95143316467256
-125.99260251868009, -26.363882385448683, -108.86031320627997, -26.363882385448683, -122.72062641255994, -16.293775389611945, -139.85291572496004, -16.293775389611945
-125.99260251868009, 26.363882385448683, -108.86031320627997, 26.363882385448683, -122.72062641255994, 16.293775389611945, -139.85291572496004, 16.293775389611945
-125.99260251868009, 58.95143316467256, -139.85291572496004, 69.02154016050929, -122.72062641255994, 69.02154016050929, -108.86031320627998, 58.95143316467256
-125.99260251868009, 79.09164715634603, -108.86031320627998, 79.09164715634603, -122.72062641255994, 69.02154016050929, -139.85291572496004, 69.02154016050929
-108.86031320627998, -144.26674871479378, -114.1544817563599, -127.97297332518184, -131.28677106876, -127.97297332518184, -125.99260251868009, -144.26674871479378
-108.86031320627998, -111.6791979355699, -114.1544817563599, -127.97297332518184, -131.28677106876, -127.97297332518184, -125.99260251868009, -111.6791979355699
-108.86031320627998, -111.6791979355699, -114.1544817563599, -95.38542254595797, -131.28677106876, -95.38542254595797, -125.99260251868009, -111.6791979355699
-108.86031320627998, -79.09164715634603, -114.1544817563599, -95.38542254595797, -131.28677106876, -95.38542254595797, -125.99260251868009, -79.09164715634603
-108.86031320627998, -58.95143316467256, -125.99260251868009, -58.95143316467256, -131.28677106876, -42.65765777506062, -114.1544817563599, -42.65765777506062
-108.86031320627998, 58.95143316467256, -125.99260251868009, 58.95143316467256, -131.28677106876, 42.65765777506062, -114.1544817563599, 42.65765777506062
-108.86031320627998, 79.09164715634603, -114.1544817563599, 95.38542254595797, -131.28677106876, 95.38542254595797, -125.99260251868009, 79.09164715634603
-108.86031320627998, 111.6791979355699, -114.1544817563599, 95.38542254595797, -131.28677106876, 95.38542254595797, -125.99260251868009, 111.6791979355699
-108.86031320627998, 111.6791979355699, -114.1544817563599, 127.97297332518184, -131.28677106876, 127.97297332518184, -125.99260251868009, 111.6791979355699
-108.86031320627998, 144.26674871479378, -114.1544817563599, 127.97297332518184, -131.28677106876, 127.97297332518184, -125.99260251868009, 144.26674871479378
-108.86031320627997, -26.363882385448683, -125.99260251868009, -26.363882385448683, -131.28677106876, -42.65765777506062, -114.15448175635989, -42.65765777506062
-108.86031320627997, 26.363882385448683, -125.99260251868009, 26.363882385448683, -131.28677106876, 42.65765777506062, -114.15448175635989, 42.65765777506062
-114.15448175635989, -10.070106995836744, -128.01479496263985, -0.0, -122.72062641255994, -16.293775389611945, -108.86031320627997, -26.36388238544869
-114.15448175635989, 10.070106995836744, -128.01479496263985, 0.0, -122.72062641255994, 16.293775389611945, -108.86031320627997, 26.36388238544869
-128.01479496263985, 0.0, -114.15448175635989, 10.070106995836744, -100.2941685500799, 0.0, -114.15448175635987, -10.070106995836744
-114.1544817563599, -127.97297332518184, -108.86031320627998, -144.26674871479378, -103.56614465620007, -127.97297332518184, -108.86031320627998, -111.6791979355699
-114.1544817563599, -95.38542254595797, -108.86031320627998, -79.09164715634603, -103.56614465620007, -95.38542254595797, -108.86031320627998, -111.6791979355699
-95.00000000000001, -69.02154016050929, -108.86031320627998, -58.95143316467256, -122.72062641255994, -69.02154016050929, -108.86031320627997, -79.09164715634603
-114.1544817563599, -42.65765777506061, -108.86031320627997, -26.363882385448683, -103.56614465620007, -42.65765777506061, -108.86031320628, -58.951433164672544
-114.1544817563599, 42.65765777506061, -108.86031320627997, 26.363882385448683, -103.56614465620007, 42.65765777506061, -108.86031320628, 58.951433164672544
-95.00000000000001, 69.02154016050929, -108.86031320627998, 58.95143316467256, -122.72062641255994, 69.02154016050929, -108.86031320627997, 79.09164715634603
-114.1544817563599, 95.38542254595797, -108.86031320627998, 79.09164715634603, -103.56614465620007, 95.38542254595797, -108.86031320627998, 111.6791979355699
-114.1544817563599, 127.97297332518184, -108.86031320627998, 144.26674871479378, -103.56614465620007, 127.97297332518184, -108.86031320627998, 111.6791979355699
-108.86031320627997, -26.363882385448683, -114.15448175635989, -10.070106995836744, -100.2941685500799, -0.0, -94.99999999999999, -16.293775389611937
-108.86031320627997, 26.363882385448683, -114.15448175635989, 10.070106995836744, -100.2941685500799, 0.0, -94.99999999999999, 16.293775389611937
-95.00000000000001, -121.74930493140664, -108.86031320627998, -111.6791979355699, -103.56614465620007, -127.97297332518184, -89.7058314499201, -138.04308032101858
-95.00000000000001, -101.60909093973316, -108.86031320627998, -111.6791979355699, -103.56614465620007, -95.38542254595797, -89.7058314499201, -85.31531555012123
-95.00000000000001, -69.02154016050929, -89.7058314499201, -85.31531555012123, -103.56614465620007, -95.38542254595797, -108.86031320627998, -79.09164715634603
-95.00000000000001, -69.02154016050929, -108.86031320627998, -58.95143316467256, -103.56614465620007, -42.65765777506061, -89.7058314499201, -52.727764770897345
-95.00000000000001, 69.02154016050929, -108.86031320627998, 58.95143316467256, -103.56614465620007, 42.65765777506061, -89.7058314499201, 52.727764770897345
-95.00000000000001, 69.02154016050929, -89.7058314499201, 85.31531555012123, -103.56614465620007, 95.38542254595797, -108.86031320627998, 79.09164715634603
-95.00000000000001, 101.60909093973316, -108.86031320627998, 111.6791979355699, -103.56614465620007, 95.38542254595797, -89.7058314499201, 85.31531555012123
-95.00000000000001, 121.74930493140664, -108.86031320627998, 111.6791979355699, -103.56614465620007, 127.97297332518184, -89.7058314499201, 138.04308032101858
-95.0, -154.33685571063052, -108.86031320627998, -144.26674871479378, -103.56614465620007, -127.97297332518184, -89.70583144992008, -138.04308032101858
-95.0, -36.433989381285414, -89.70583144992008, -52.72776477089735, -103.56614465620007, -42.65765777506061, -108.86031320627998, -26.363882385448676
-95.0, 36.433989381285414, -89.70583144992008, 52.72776477089735, -103.56614465620007, 42.65765777506061, -108.86031320627998, 26.363882385448676
-95.0, 154.33685571063052, -108.86031320627998, 144.26674871479378, -103.56614465620007, 127.97297332518184, -89.70583144992008, 138.04308032101858
-108.86031320627998, -111.6791979355699, -95.00000000000001, -101.60909093973316, -81.13968679372005, -111.6791979355699, -95.00000000000001, -121.74930493140664
-108.86031320627998, 111.6791979355699, -95.00000000000001, 101.60909093973316, -81.13968679372005, 111.6791979355699, -95.00000000000001, 121.74930493140664
-108.86031320627997, -26.363882385448683, -95.0, -36.433989381285414, -81.13968679372002, -26.363882385448672, -94.99999999999999, -16.29377538961194
-108.86031320627997, 26.363882385448683, -95.0, 36.433989381285414, -81.13968679372002, 26.363882385448672, -94.99999999999999, 16.29377538961194
-89.70583144992007, 0.0, -95.0, 16.293775389611945, -100.2941685500799, 0.0, -94.99999999999997, -16.293775389611945
-89.7058314499201, -138.04308032101858, -95.00000000000001, -121.74930493140664, -81.13968679372005, -111.6791979355699, -75.84551824364013, -127.97297332518184
-89.7058314499201, -85.31531555012123, -95.00000000000001, -101.60909093973316, -81.13968679372005, -111.6791979355699, -75.84551824364013, -95.38542254595797
-89.7058314499201, 85.31531555012123, -95.00000000000001, 101.60909093973316, -81.13968679372005, 111.6791979355699, -75.84551824364013, 95.38542254595797
-89.7058314499201, 138.04308032101858, -95.00000000000001, 121.74930493140664, -81.13968679372005, 111.6791979355699, -75.84551824364013, 127.97297332518184
-89.70583144992008, -52.72776477089735, -95.0, -36.433989381285414, -81.13968679372002, -26.363882385448672, -75.8455182436401, -42.65765777506061
-89.70583144992008, 52.72776477089735, -95.0, 36.433989381285414, -81.13968679372002, 26.363882385448672, -75.8455182436401, 42.65765777506061
-95.0, -154.33685571063052, -77.8677106875999, -154.33685571063052, -72.57354213752, -138.04308032101858, -89.7058314499201, -138.04308032101858
-95.00000000000001, -69.02154016050929, -89.7058314499201, -85.31531555012123, -72.57354213752, -85.31531555012123, -77.86771068759991, -69.02154016050929
-95.00000000000001, -69.02154016050929, -77.86771068759991, -69.02154016050929, -72.57354213752, -52.72776477089735, -89.7058314499201, -52.72776477089735
-95.00000000000001, 69.02154016050929, -77.86771068759991, 69.02154016050929, -72.57354213752, 52.72776477089735, -89.7058314499201, 52.72776477089735
-95.00000000000001, 69.02154016050929, -89.7058314499201, 85.31531555012123, -72.57354213752, 85.31531555012123, -77.86771068759991, 69.02154016050929
-95.0, 154.33685571063052, -77.8677106875999, 154.33685571063052, -72.57354213752, 138.04308032101858, -89.7058314499201, 138.04308032101858
-95.0, -16.293775389611945, -89.70583144992007, -0.0, -72.57354213751996, -0.0, -77.8677106875999, -16.293775389611945
-95.0, 16.293775389611945, -89.70583144992007, 0.0, -72.57354213751996, 0.0, -77.8677106875999, 16.293775389611945
-77.8677106875999, -154.33685571063052, -64.00739748131993, -164.40696270646725, -81.13968679372003, -164.40696270646725, -95.0, -154.33685571063052
-77.86771068759988, -16.293775389611937, -95.0, -16.293775389611945, -81.13968679372002, -26.363882385448672, -64.0073974813199, -26.363882385448665
-77.86771068759988, 16.293775389611937, -95.0, 16.293775389611945, -81.13968679372002, 26.363882385448672, -64.0073974813199, 26.363882385448665
-77.8677106875999, 154.33685571063052, -64.00739748131993, 164.40696270646725, -81.13968679372003, 164.40696270646725, -95.0, 154.33685571063052
-75.84551824364013, -127.97297332518184, -89.7058314499201, -138.04308032101858, -72.57354213752, -138.04308032101858, -58.713228931240025, -127.97297332518184
-75.84551824364013, -95.38542254595797, -58.713228931240025, -95.38542254595795, -72.57354213752, -85.31531555012123, -89.7058314499201, -85.31531555012124
-75.84551824364013, -42.65765777506061, -89.70583144992008, -52.72776477089735, -72.57354213752, -52.72776477089735, -58.71322893124004, -42.65765777506061
-75.84551824364013, 42.65765777506061, -89.70583144992008, 52.72776477089735, -72.57354213752, 52.72776477089735, -58.71322893124004, 42.65765777506061
-75.84551824364013, 95.38542254595797, -58.713228931240025, 95.38542254595795, -72.57354213752, 85.31531555012123, -89.7058314499201, 85.31531555012124
-75.84551824364013, 127.97297332518184, -89.7058314499201, 138.04308032101858, -72.57354213752, 138.04308032101858, -58.713228931240025, 127.97297332518184
-58.713228931240025, -95.38542254595795, -64.00739748131994, -111.6791979355699, -81.13968679372005, -111.6791979355699, -75.84551824364013, -95.38542254595795
-58.713228931240025, 95.38542254595795, -64.00739748131994, 111.6791979355699, -81.13968679372005, 111.6791979355699, -75.84551824364013, 95.38542254595795
-58.71322893124001, -180.7007380960792, -64.00739748131993, -164.40696270646725, -81.13968679372003, -164.40696270646725, -75.84551824364011, -180.7007380960792
-58.71322893124001, -127.97297332518184, -64.00739748131994, -111.6791979355699, -81.13968679372005, -111.6791979355699, -75.84551824364011, -127.97297332518184
-58.713228931240025, -42.65765777506062, -75.84551824364013, -42.65765777506061, -81.13968679372002, -26.363882385448672, -64.00739748131991, -26.36388238544868
-58.713228931240025, 42.65765777506062, -75.84551824364013, 42.65765777506061, -81.13968679372002, 26.363882385448672, -64.00739748131991, 26.36388238544868
-58.71322893124001, 127.97297332518184, -64.00739748131994, 111.6791979355699, -81.13968679372005, 111.6791979355699, -75.84551824364011, 127.97297332518184
-58.71322893124001, 180.7007380960792, -64.00739748131993, 164.40696270646725, -81.13968679372003, 164.40696270646725, -75.84551824364011, 180.7007380960792
-64.00739748131993, -164.40696270646725, -77.8677106875999, -154.33685571063052, -72.57354213752, -138.04308032101858, -58.713228931240025, -148.11318731685532
-64.00739748131994, -79.09164715634603, -77.86771068759991, -69.02154016050929, -72.57354213752, -85.31531555012123, -58.713228931240025, -95.38542254595797
-64.00739748131994, -58.95143316467255, -77.86771068759991, -69.02154016050929, -72.57354213752, -52.72776477089735, -58.713228931240025, -42.65765777506061
-64.00739748131994, 58.95143316467255, -77.86771068759991, 69.02154016050929, -72.57354213752, 52.72776477089735, -58.713228931240025, 42.65765777506061
-64.00739748131994, 79.09164715634603, -77.86771068759991, 69.02154016050929, -72.57354213752, 85.31531555012123, -58.713228931240025, 95.38542254595797
-64.00739748131993, 164.40696270646725, -77.8677106875999, 154.33685571063052, -72.57354213752, 138.04308032101858, -58.713228931240025, 148.11318731685532
-64.00739748131993, -26.363882385448683, -58.71322893124, -10.070106995836738, -72.57354213751996, -0.0, -77.8677106875999, -16.293775389611945
-64.00739748131993, 26.363882385448683, -58.71322893124, 10.070106995836738, -72.57354213751996, 0.0, -77.8677106875999, 16.293775389611945
-77.86771068759991, -69.02154016050929, -64.00739748131994, -79.09164715634603, -50.14708427503996, -69.02154016050928, -64.00739748131993, -58.95143316467254
-77.86771068759991, 69.02154016050929, -64.00739748131994, 79.09164715634603, -50.14708427503996, 69.02154016050928, -64.00739748131993, 58.95143316467254
-64.00739748131994, -111.6791979355699, -58.713228931240025, -95.38542254595795, -53.41906038116011, -111.6791979355699, -58.713228931240025, -127.97297332518185
-64.00739748131994, 111.6791979355699, -58.713228931240025, 95.38542254595795, -53.41906038116011, 111.6791979355699, -58.713228931240025, 127.97297332518185
-44.85291572496004, -138.04308032101858, -58.71322893124001, -148.11318731685532, -72.57354213752, -138.04308032101858, -58.713228931240025, -127.97297332518184
-44.85291572496004, 138.04308032101858, -58.71322893124001, 148.11318731685532, -72.57354213752, 138.04308032101858, -58.713228931240025, 127.97297332518184
-44.852915724960035, 0.0, -58.71322893124, 10.070106995836738, -72.57354213751996, 0.0, -58.713228931239996, -10.070106995836738
-58.713228931240025, -95.38542254595795, -64.00739748131994, -79.09164715634603, -50.14708427503996, -69.02154016050928, -44.85291572496004, -85.3153155501212
-58.713228931240025, -42.65765777506062, -64.00739748131994, -58.95143316467255, -50.14708427503996, -69.02154016050928, -44.85291572496004, -52.727764770897345
-58.713228931240025, -42.65765777506062, -44.852915724960056, -32.58755077922388, -50.14708427503996, -16.293775389611937, -64.00739748131993, -26.363882385448676
-58.713228931240025, 42.65765777506062, -44.852915724960056, 32.58755077922388, -50.14708427503996, 16.293775389611937, -64.00739748131993, 26.363882385448676
-58.713228931240025, 42.65765777506062, -64.00739748131994, 58.95143316467255, -50.14708427503996, 69.02154016050928, -44.85291572496004, 52.727764770897345
-58.713228931240025, 95.38542254595795, -64.00739748131994, 79.09164715634603, -50.14708427503996, 69.02154016050928, -44.85291572496004, 85.3153155501212
-58.71322893124001, -180.7007380960792, -44.852915724960035, -170.63063110024245, -50.14708427503996, -154.33685571063052, -64.00739748131994, -164.40696270646725
-58.71322893124001, -148.11318731685532, -64.00739748131993, -164.40696270646725, -50.14708427503996, -154.33685571063052, -44.85291572496004, -138.04308032101858
-58.71322893124001, 148.11318731685532, -64.00739748131993, 164.40696270646725, -50.14708427503996, 154.33685571063052, -44.85291572496004, 138.04308032101858
-58.71322893124001, 180.7007380960792, -44.852915724960035, 170.63063110024245, -50.14708427503996, 154.33685571063052, -64.00739748131994, 164.40696270646725
-58.71322893124, -10.070106995836738, -44.852915724960035, -0.0, -50.14708427503996, -16.293775389611937, -64.00739748131993, -26.363882385448676
-58.71322893124, 10.070106995836738, -44.852915724960035, 0.0, -50.14708427503996, 16.293775389611937, -64.00739748131993, 26.363882385448676
-44.85291572496004, -138.04308032101858, -39.558747174880125, -121.74930493140664, -53.41906038116011, -111.6791979355699, -58.713228931240025, -127.97297332518184
-44.85291572496005, -105.45552954179469, -39.558747174880125, -121.74930493140664, -53.41906038116011, -111.6791979355699, -58.71322893124003, -95.38542254595795
-44.85291572496005, 105.45552954179469, -39.558747174880125, 121.74930493140664, -53.41906038116011, 111.6791979355699, -58.71322893124003, 95.38542254595795
-44.85291572496004, 138.04308032101858, -39.558747174880125, 121.74930493140664, -53.41906038116011, 111.6791979355699, -58.713228931240025, 127.97297332518184
-58.713228931240025, -95.38542254595795, -44.85291572496005, -105.45552954179469, -30.992602518680073, -95.38542254595795, -44.85291572496005, -85.31531555012121
-58.713228931240025, -42.65765777506062, -44.852915724960056, -32.58755077922388, -30.992602518680076, -42.65765777506061, -44.85291572496004, -52.72776477089735
-58.713228931240025, 42.65765777506062, -44.852915724960056, 32.58755077922388, -30.992602518680076, 42.65765777506061, -44.85291572496004, 52.72776477089735
-58.713228931240025, 95.38542254595795, -44.85291572496005, 105.45552954179469, -30.992602518680073, 95.38542254595795, -44.85291572496005, 85.31531555012121
-58.71322893124001, -180.7007380960792, -44.852915724960035, -170.63063110024245, -30.99260251868007, -180.7007380960792, -44.85291572496004, -190.77084509191593
-39.558747174880125, -154.33685571063052, -44.852915724960035, -170.63063110024245, -50.14708427503996, -154.33685571063052, -44.85291572496005, -138.04308032101858
-39.558747174880125, -69.02154016050928, -44.852915724960056, -85.31531555012121, -50.14708427503996, -69.02154016050928, -44.85291572496003, -52.72776477089734
-39.558747174880125, -16.293775389611937, -44.852915724960056, -32.58755077922388, -50.14708427503996, -16.293775389611937, -44.85291572496003, 7.105427357601002e-15
-39.558747174880125, 16.293775389611937, -44.852915724960056, 32.58755077922388, -50.14708427503996, 16.293775389611937, -44.85291572496003, -7.105427357601002e-15
-39.558747174880125, 69.02154016050928, -44.852915724960056, 85.31531555012121, -50.14708427503996, 69.02154016050928, -44.85291572496003, 52.72776477089734
-39.558747174880125, 154.33685571063052, -44.852915724960035, 170.63063110024245, -50.14708427503996, 154.33685571063052, -44.85291572496005, 138.04308032101858
-58.71322893124001, 180.7007380960792, -44.852915724960035, 170.63063110024245, -30.99260251868007, 180.7007380960792, -44.85291572496004, 190.77084509191593
-39.558747174880125, -121.74930493140664, -25.698433968600156, -111.6791979355699, -30.992602518680073, -95.38542254595795, -44.85291572496004, -105.45552954179469
-39.558747174880125, 121.74930493140664, -25.698433968600156, 111.6791979355699, -30.992602518680073, 95.38542254595795, -44.85291572496004, 105.45552954179469
-44.852915724960056, -85.31531555012121, -27.720626412559938, -85.31531555012121, -22.426457862480017, -69.02154016050928, -39.55874717488014, -69.02154016050928
-44.852915724960056, -52.72776477089735, -27.720626412559938, -52.727764770897345, -22.426457862480017, -69.02154016050928, -39.55874717488014, -69.02154016050929
-44.852915724960056, -32.58755077922388, -27.720626412559938, -32.587550779223875, -22.426457862480024, -16.293775389611937, -39.55874717488014, -16.293775389611945
-44.852915724960056, 32.58755077922388, -27.720626412559938, 32.587550779223875, -22.426457862480024, 16.293775389611937, -39.55874717488014, 16.293775389611945
-44.852915724960056, 52.72776477089735, -27.720626412559938, 52.727764770897345, -22.426457862480017, 69.02154016050928, -39.55874717488014, 69.02154016050929
-44.852915724960056, 85.31531555012121, -27.720626412559938, 85.31531555012121, -22.426457862480017, 69.02154016050928, -39.55874717488014, 69.02154016050928
-44.85291572496004, -138.04308032101858, -39.558747174880125, -121.74930493140664, -22.426457862480014, -121.74930493140664, -27.72062641255993, -138.04308032101858
-44.852915724960035, -0.0, -39.558747174880125, -16.293775389611937, -22.426457862480024, -16.293775389611937, -27.720626412559934, 0.0
-44.852915724960035, 0.0, -39.558747174880125, 16.293775389611937, -22.426457862480024, 16.293775389611937, -27.720626412559934, 0.0
-44.85291572496004, 138.04308032101858, -39.558747174880125, 121.74930493140664, -22.426457862480014, 121.74930493140664, -27.72062641255993, 138.04308032101858
-44.852915724960035, -170.63063110024245, -27.72062641255993, -170.63063110024245, -22.42645786248001, -154.33685571063052, -39.55874717488011, -154.33685571063052
-44.85291572496004, -138.04308032101858, -39.558747174880125, -154.33685571063052, -22.42645786248001, -154.33685571063052, -27.720626412559927, -138.04308032101858
-44.85291572496004, 138.04308032101858, -39.558747174880125, 154.33685571063052, -22.42645786248001, 154.33685571063052, -27.720626412559927, 138.04308032101858
-44.852915724960035, 170.63063110024245, -27.72062641255993, 170.63063110024245, -22.42645786248001, 154.33685571063052, -39.55874717488011, 154.33685571063052
-27.720626412559938, -85.31531555012121, -13.860313206279958, -95.38542254595795, -30.992602518680073, -95.38542254595795, -44.852915724960056, -85.31531555012121
-27.720626412559938, -52.727764770897345, -13.860313206279967, -42.657657775060606, -30.992602518680076, -42.65765777506061, -44.85291572496005, -52.72776477089735
-27.720626412559938, -32.587550779223875, -44.852915724960056, -32.58755077922388, -30.992602518680076, -42.65765777506061, -13.860313206279958, -42.657657775060606
-27.720626412559938, 32.587550779223875, -44.852915724960056, 32.58755077922388, -30.992602518680076, 42.65765777506061, -13.860313206279958, 42.657657775060606
-27.720626412559938, 52.727764770897345, -13.860313206279967, 42.657657775060606, -30.992602518680076, 42.65765777506061, -44.85291572496005, 52.72776477089735
-27.720626412559938, 85.31531555012121, -13.860313206279958, 95.38542254595795, -30.992602518680073, 95.38542254595795, -44.852915724960056, 85.31531555012121
-27.72062641255993, -170.63063110024245, -44.852915724960035, -170.63063110024245, -30.99260251868007, -180.7007380960792, -13.860313206279965, -180.7007380960792
-27.72062641255993, 170.63063110024245, -44.852915724960035, 170.63063110024245, -30.99260251868007, 180.7007380960792, -13.860313206279965, 180.7007380960792
-25.698433968600156, -111.6791979355699, -39.558747174880125, -121.74930493140664, -22.426457862480014, -121.74930493140664, -8.566144656200045, -111.6791979355699
-25.698433968600156, 111.6791979355699, -39.558747174880125, 121.74930493140664, -22.426457862480014, 121.74930493140664, -8.566144656200045, 111.6791979355699
-8.566144656200041, -111.6791979355699, -25.698433968600156, -111.6791979355699, -30.992602518680073, -95.38542254595795, -13.860313206279958, -95.38542254595795
-8.566144656200041, 111.6791979355699, -25.698433968600156, 111.6791979355699, -30.992602518680073, 95.38542254595795, -13.860313206279958, 95.38542254595795
-13.860313206279972, -10.070106995836738, -8.566144656200052, -26.363882385448672, -22.426457862480024, -16.293775389611937, -27.720626412559945, -3.552713678800501e-15
-13.860313206279972, 10.070106995836738, -8.566144656200052, 26.363882385448672, -22.426457862480024, 16.293775389611937, -27.720626412559945, 3.552713678800501e-15
-13.860313206279967, -42.657657775060606, -27.720626412559938, -32.587550779223875, -22.426457862480024, -16.293775389611937, -8.566144656200054, -26.36388238544867
-13.860313206279967, 42.657657775060606, -27.720626412559938, 32.587550779223875, -22.426457862480024, 16.293775389611937, -8.566144656200054, 26.36388238544867
-13.860313206279967, -42.657657775060606, -8.566144656200049, -58.95143316467255, -22.426457862480017, -69.02154016050928, -27.720626412559938, -52.72776477089733
-13.860313206279967, 42.657657775060606, -8.566144656200049, 58.95143316467255, -22.426457862480017, 69.02154016050928, -27.720626412559938, 52.72776477089733
-13.860313206279965, -180.7007380960792, -27.72062641255993, -170.63063110024245, -22.42645786248001, -154.33685571063052, -8.566144656200045, -164.40696270646725
-13.86031320627996, -127.97297332518184, -8.566144656200041, -111.6791979355699, -22.426457862480014, -121.74930493140664, -27.72062641255993, -138.04308032101858
-13.860313206279958, -95.38542254595795, -27.720626412559938, -85.31531555012121, -22.426457862480017, -69.02154016050928, -8.566144656200038, -79.09164715634601
-13.860313206279958, 95.38542254595795, -27.720626412559938, 85.31531555012121, -22.426457862480017, 69.02154016050928, -8.566144656200038, 79.09164715634601
-13.86031320627996, 127.97297332518184, -8.566144656200041, 111.6791979355699, -22.426457862480014, 121.74930493140664, -27.72062641255993, 138.04308032101858
-13.860313206279965, 180.7007380960792, -27.72062641255993, 170.63063110024245, -22.42645786248001, 154.33685571063052, -8.566144656200045, 164.40696270646725
-13.860313206279958, -148.11318731685532, -8.566144656200047, -164.40696270646725, -22.42645786248001, -154.33685571063052, -27.720626412559923, -138.04308032101858
-13.860313206279958, 148.11318731685532, -8.566144656200047, 164.40696270646725, -22.42645786248001, 154.33685571063052, -27.720626412559923, 138.04308032101858
-27.720626412559934, 0.0, -13.860313206279972, 10.070106995836738, 0.0, 0.0, -13.860313206279962, -10.070106995836738
-27.72062641255993, -138.04308032101858, -13.86031320627996, -127.97297332518184, 1.4210854715202004e-14, -138.04308032101858, -13.860313206279956, -148.11318731685532
-27.72062641255993, 138.04308032101858, -13.86031320627996, 127.97297332518184, 1.4210854715202004e-14, 138.04308032101858, -13.860313206279956, 148.11318731685532
5.294168550079926, -69.02154016050929, -8.566144656200049, -58.95143316467255, -22.426457862480017, -69.02154016050928, -8.566144656200043, -79.09164715634601
5.294168550079926, 69.02154016050929, -8.566144656200049, 58.95143316467255, -22.426457862480017, 69.02154016050928, -8.566144656200043, 79.09164715634601
-8.566144656200052, -26.363882385448672, 5.294168550079918, -16.29377538961194, 0.0, -0.0, -13.860313206279969, -10.070106995836731
-8.566144656200052, 26.363882385448672, 5.294168550079918, 16.29377538961194, 0.0, 0.0, -13.860313206279969, 10.070106995836731
-8.566144656200049, -58.95143316467255, -13.860313206279967, -42.657657775060606, 3.552713678800501e-15, -52.72776477089735, 5.294168550079922, -69.02154016050929
-8.566144656200049, 58.95143316467255, -13.860313206279967, 42.657657775060606, 3.552713678800501e-15, 52.72776477089735, 5.294168550079922, 69.02154016050929
-8.566144656200047, -79.09164715634603, -13.860313206279958, -95.38542254595795, 5.329070518200751e-15, -85.31531555012123, 5.294168550079917, -69.0215401605093
-8.566144656200047, 79.09164715634603, -13.860313206279958, 95.38542254595795, 5.329070518200751e-15, 85.31531555012123, 5.294168550079917, 69.0215401605093
-8.566144656200041, -111.6791979355699, 5.294168550079924, -101.60909093973316, 5.329070518200751e-15, -85.31531555012123, -13.86031320627996, -95.38542254595797
-8.566144656200041, 111.6791979355699, 5.294168550079924, 101.60909093973316, 5.329070518200751e-15, 85.31531555012123, -13.86031320627996, 95.38542254595797
-8.566144656200047, -164.40696270646725, 5.294168550079927, -154.33685571063052, 1.4210854715202004e-14, -138.04308032101858, -13.86031320627996, -148.11318731685532
-8.566144656200047, 164.40696270646725, 5.294168550079927, 154.33685571063052, 1.4210854715202004e-14, 138.04308032101858, -13.86031320627996, 148.11318731685532
-8.566144656200041, -111.6791979355699, -13.86031320627996, -127.97297332518184, 1.4210854715202004e-14, -138.04308032101858, 5.294168550079933, -121.74930493140664
-8.566144656200041, 111.6791979355699, -13.86031320627996, 127.97297332518184, 1.4210854715202004e-14, 138.04308032101858, 5.294168550079933, 121.74930493140664
-13.860313206279967, -42.657657775060606, 3.2719761061201402, -42.65765777506062, 8.566144656200056, -26.363882385448676, -8.566144656200052, -26.36388238544866
-13.860313206279967, 42.657657775060606, 3.2719761061201402, 42.65765777506062, 8.566144656200056, 26.363882385448676, -8.566144656200052, 26.36388238544866
-13.860313206279965, -180.7007380960792, 3.2719761061201424, -180.7007380960792, 8.566144656200063, -164.40696270646725, -8.566144656200045, -164.40696270646725
-13.860313206279965, 180.7007380960792, 3.2719761061201424, 180.7007380960792, 8.566144656200063, 164.40696270646725, -8.566144656200045, 164.40696270646725
3.2719761061201402, -42.65765777506062, 17.132289312400115, -52.727764770897366, 3.552713678800501e-15, -52.72776477089735, -13.86031320627997, -42.657657775060606
3.2719761061201402, 42.65765777506062, 17.132289312400115, 52.727764770897366, 3.552713678800501e-15, 52.72776477089735, -13.86031320627997, 42.657657775060606
5.294168550079918, -16.29377538961194, 22.426457862480024, -16.293775389611937, 8.566144656200056, -26.363882385448676, -8.566144656200052, -26.36388238544868
5.294168550079918, 16.29377538961194, 22.426457862480024, 16.293775389611937, 8.566144656200056, 26.363882385448676, -8.566144656200052, 26.36388238544868
5.294168550079924, -101.60909093973316, 22.426457862480035, -101.60909093973316, 8.566144656200063, -111.6791979355699, -8.566144656200049, -111.6791979355699
5.294168550079924, 101.60909093973316, 22.426457862480035, 101.60909093973316, 8.566144656200063, 111.6791979355699, -8.566144656200049, 111.6791979355699
5.294168550079927, -154.33685571063052, 22.42645786248003, -154.33685571063052, 8.566144656200063, -164.40696270646725, -8.566144656200041, -164.40696270646725
5.294168550079927, -121.74930493140664, -8.566144656200041, -111.6791979355699, 8.566144656200063, -111.6791979355699, 22.42645786248003, -121.74930493140664
5.294168550079927, 121.74930493140664, -8.566144656200041, 111.6791979355699, 8.566144656200063, 111.6791979355699, 22.42645786248003, 121.74930493140664
5.294168550079927, 154.33685571063052, 22.42645786248003, 154.33685571063052, 8.566144656200063, 164.40696270646725, -8.566144656200041, 164.40696270646725
22.426457862480024, -16.293775389611937, 17.132289312400108, -0.0, 0.0, -0.0, 5.294168550079917, -16.293775389611937
22.426457862480024, 16.293775389611937, 17.132289312400108, 0.0, 0.0, 0.0, 5.294168550079917, 16.293775389611937
22.42645786248003, -69.0215401605093, 17.13228931240012, -85.31531555012123, 5.329070518200751e-15, -85.31531555012123, 5.2941685500799185, -69.0215401605093
22.42645786248003, -69.0215401605093, 17.132289312400115, -52.727764770897366, 3.552713678800501e-15, -52.72776477089735, 5.29416855007992, -69.02154016050929
22.42645786248003, 69.0215401605093, 17.132289312400115, 52.727764770897366, 3.552713678800501e-15, 52.72776477089735, 5.29416855007992, 69.02154016050929
22.42645786248003, 69.0215401605093, 17.13228931240012, 85.31531555012123, 5.329070518200751e-15, 85.31531555012123, 5.2941685500799185, 69.0215401605093
22.426457862480035, -101.60909093973316, 5.294168550079924, -101.60909093973316, 5.329070518200751e-15, -85.31531555012123, 17.13228931240012, -85.31531555012123
22.426457862480035, 101.60909093973316, 5.294168550079924, 101.60909093973316, 5.329070518200751e-15, 85.31531555012123, 17.13228931240012, 85.31531555012123
22.42645786248003, -154.33685571063052, 17.132289312400122, -138.04308032101858, 1.4210854715202004e-14, -138.04308032101858, 5.294168550079924, -154.33685571063052
22.42645786248003, 154.33685571063052, 17.132289312400122, 138.04308032101858, 1.4210854715202004e-14, 138.04308032101858, 5.294168550079924, 154.33685571063052
22.42645786248004, -121.74930493140664, 17.132289312400122, -138.04308032101858, 1.4210854715202004e-14, -138.04308032101858, 5.294168550079931, -121.74930493140664
22.42645786248004, 121.74930493140664, 17.132289312400122, 138.04308032101858, 1.4210854715202004e-14, 138.04308032101858, 5.294168550079931, 121.74930493140664
17.132289312400115, -52.727764770897366, 22.426457862480028, -36.433989381285414, 8.566144656200056, -26.363882385448676, 3.2719761061201424, -42.65765777506063
17.132289312400115, 52.727764770897366, 22.426457862480028, 36.433989381285414, 8.566144656200056, 26.363882385448676, 3.2719761061201424, 42.65765777506063
17.13228931240012, -170.63063110024245, 3.2719761061201424, -180.7007380960792, 8.566144656200063, -164.40696270646725, 22.42645786248004, -154.33685571063052
17.13228931240012, 170.63063110024245, 3.2719761061201424, 180.7007380960792, 8.566144656200063, 164.40696270646725, 22.42645786248004, 154.33685571063052
3.2719761061201424, -180.7007380960792, 17.13228931240012, -170.63063110024245, 30.99260251868009, -180.7007380960792, 17.132289312400115, -190.77084509191593
3.2719761061201424, 180.7007380960792, 17.13228931240012, 170.63063110024245, 30.99260251868009, 180.7007380960792, 17.132289312400115, 190.77084509191593
36.28677106875999, -26.363882385448672, 22.426457862480028, -36.433989381285414, 8.566144656200056, -26.363882385448676, 22.426457862480017, -16.293775389611934
17.132289312400108, 0.0, 22.426457862480024, 16.293775389611937, 27.720626412559938, 0.0, 22.42645786248002, -16.293775389611937
36.28677106875999, 26.363882385448672, 22.426457862480028, 36.433989381285414, 8.566144656200056, 26.363882385448676, 22.426457862480017, 16.293775389611934
17.132289312400122, -138.04308032101858, 22.42645786248003, -154.33685571063052, 27.720626412559948, -138.04308032101858, 22.42645786248004, -121.74930493140664
36.286771068760004, -111.67919793556992, 22.42645786248004, -121.74930493140664, 8.566144656200063, -111.6791979355699, 22.426457862480028, -101.60909093973318
17.13228931240012, -85.31531555012123, 22.426457862480035, -101.60909093973316, 27.720626412559948, -85.31531555012124, 22.42645786248003, -69.0215401605093
17.13228931240012, 85.31531555012123, 22.426457862480035, 101.60909093973316, 27.720626412559948, 85.31531555012124, 22.42645786248003, 69.0215401605093
36.286771068760004, 111.67919793556992, 22.42645786248004, 121.74930493140664, 8.566144656200063, 111.6791979355699, 22.426457862480028, 101.60909093973318
17.132289312400122, 138.04308032101858, 22.42645786248003, 154.33685571063052, 27.720626412559948, 138.04308032101858, 22.42645786248004, 121.74930493140664
22.42645786248003, -69.0215401605093, 17.132289312400115, -52.727764770897366, 30.99260251868008, -42.65765777506061, 36.28677106876, -58.95143316467255
22.426457862480028, -36.433989381285414, 17.132289312400115, -52.727764770897366, 30.99260251868008, -42.65765777506061, 36.28677106875999, -26.36388238544866
22.426457862480028, 36.433989381285414, 17.132289312400115, 52.727764770897366, 30.99260251868008, 42.65765777506061, 36.28677106875999, 26.36388238544866
22.42645786248003, 69.0215401605093, 17.132289312400115, 52.727764770897366, 30.99260251868008, 42.65765777506061, 36.28677106876, 58.95143316467255
22.42645786248003, -154.33685571063052, 17.13228931240012, -170.63063110024245, 30.99260251868009, -180.7007380960792, 36.286771068760004, -164.40696270646725
22.42645786248003, 154.33685571063052, 17.13228931240012, 170.63063110024245, 30.99260251868009, 180.7007380960792, 36.286771068760004, 164.40696270646725
36.28677106875999, -26.363882385448672, 41.580939618839906, -10.070106995836738, 27.720626412559938, -0.0, 22.42645786248002, -16.293775389611934
36.28677106875999, 26.363882385448672, 41.580939618839906, 10.070106995836738, 27.720626412559938, 0.0, 22.42645786248002, 16.293775389611934
36.28677106876, -79.09164715634604, 41.58093961883991, -95.38542254595798, 27.720626412559948, -85.31531555012124, 22.42645786248003, -69.0215401605093
36.28677106876, 79.09164715634604, 41.58093961883991, 95.38542254595798, 27.720626412559948, 85.31531555012124, 22.42645786248003, 69.0215401605093
36.286771068760004, -144.26674871479378, 41.58093961883992, -127.97297332518184, 27.720626412559948, -138.04308032101858, 22.42645786248003, -154.33685571063052
36.286771068760004, -111.67919793556992, 22.42645786248004, -121.74930493140664, 27.720626412559948, -138.04308032101858, 41.58093961883991, -127.97297332518185
36.286771068760004, -111.67919793556992, 41.58093961883991, -95.38542254595798, 27.720626412559948, -85.31531555012124, 22.42645786248004, -101.60909093973318
36.286771068760004, 111.67919793556992, 41.58093961883991, 95.38542254595798, 27.720626412559948, 85.31531555012124, 22.42645786248004, 101.60909093973318
36.286771068760004, 111.67919793556992, 22.42645786248004, 121.74930493140664, 27.720626412559948, 138.04308032101858, 41.58093961883991, 127.97297332518185
36.286771068760004, 144.26674871479378, 41.58093961883992, 127.97297332518184, 27.720626412559948, 138.04308032101858, 22.42645786248003, 154.33685571063052
41.580939618839906, -42.65765777506061, 36.28677106875999, -26.363882385448672, 30.99260251868008, -42.65765777506061, 36.28677106876, -58.95143316467255
41.580939618839906, 42.65765777506061, 36.28677106875999, 26.363882385448672, 30.99260251868008, 42.65765777506061, 36.28677106876, 58.95143316467255
22.42645786248003, -69.0215401605093, 36.28677106876, -79.09164715634604, 50.14708427503996, -69.02154016050929, 36.28677106875999, -58.95143316467255
22.42645786248003, 69.0215401605093, 36.28677106876, 79.09164715634604, 50.14708427503996, 69.02154016050929, 36.28677106875999, 58.95143316467255
41.58093961883992, -180.7007380960792, 36.286771068760004, -164.40696270646725, 30.99260251868009, -180.7007380960792, 36.286771068760004, -196.99451348569113
22.42645786248003, -154.33685571063052, 36.286771068760004, -144.26674871479378, 50.14708427503997, -154.33685571063052, 36.286771068760004, -164.40696270646725
22.42645786248003, 154.33685571063052, 36.286771068760004, 144.26674871479378, 50.14708427503997, 154.33685571063052, 36.286771068760004, 164.40696270646725
41.58093961883992, 180.7007380960792, 36.286771068760004, 164.40696270646725, 30.99260251868009, 180.7007380960792, 36.286771068760004, 196.99451348569113
55.44125282511989, 0.0, 41.580939618839906, 10.070106995836738, 27.720626412559938, 0.0, 41.58093961883992, -10.070106995836738
41.580939618839906, -10.070106995836738, 55.44125282511989, -0.0, 50.14708427503996, -16.293775389611937, 36.286771068759975, -26.363882385448676
41.580939618839906, 10.070106995836738, 55.44125282511989, 0.0, 50.14708427503996, 16.293775389611937, 36.286771068759975, 26.363882385448676
41.58093961883991, -95.38542254595798, 55.44125282511989, -85.31531555012123, 50.14708427503996, -69.02154016050929, 36.28677106875998, -79.09164715634604
41.58093961883991, 95.38542254595798, 55.44125282511989, 85.31531555012123, 50.14708427503996, 69.02154016050929, 36.28677106875998, 79.09164715634604
41.58093961883992, -127.97297332518184, 55.44125282511989, -138.04308032101858, 50.14708427503997, -154.33685571063052, 36.286771068760004, -144.26674871479378
41.58093961883992, 127.97297332518184, 55.44125282511989, 138.04308032101858, 50.14708427503997, 154.33685571063052, 36.286771068760004, 144.26674871479378
36.28677106875999, -58.951433164672565, 41.580939618839906, -42.65765777506061, 58.71322893124001, -42.657657775060606, 53.419060381160094, -58.95143316467256
36.28677106875999, -26.363882385448672, 53.419060381160094, -26.363882385448672, 58.71322893124001, -42.657657775060606, 41.580939618839906, -42.657657775060606
36.28677106875999, 26.363882385448672, 53.419060381160094, 26.363882385448672, 58.71322893124001, 42.657657775060606, 41.580939618839906, 42.657657775060606
36.28677106875999, 58.951433164672565, 41.580939618839906, 42.65765777506061, 58.71322893124001, 42.657657775060606, 53.419060381160094, 58.95143316467256
36.286771068760004, -164.40696270646725, 53.41906038116011, -164.40696270646725, 58.713228931240025, -180.7007380960792, 41.58093961883992, -180.7007380960792
36.286771068760004, -111.67919793556992, 53.41906038116011, -111.6791979355699, 58.713228931240025, -127.97297332518185, 41.58093961883992, -127.97297332518187
36.286771068760004, -111.67919793556992, 53.41906038116011, -111.6791979355699, 58.713228931240025, -95.38542254595797, 41.58093961883992, -95.38542254595798
36.286771068760004, 111.67919793556992, 53.41906038116011, 111.6791979355699, 58.713228931240025, 95.38542254595797, 41.58093961883992, 95.38542254595798
36.286771068760004, 111.67919793556992, 53.41906038116011, 111.6791979355699, 58.713228931240025, 127.97297332518185, 41.58093961883992, 127.97297332518187
36.286771068760004, 164.40696270646725, 53.41906038116011, 164.40696270646725, 58.713228931240025, 180.7007380960792, 41.58093961883992, 180.7007380960792
53.419060381160094, -58.95143316467255, 67.27937358744008, -69.02154016050929, 50.14708427503996, -69.02154016050929, 36.286771068759975, -58.95143316467255
53.419060381160094, -26.363882385448672, 36.28677106875999, -26.363882385448672, 50.14708427503996, -16.293775389611937, 67.27937358744006, -16.293775389611937
53.419060381160094, 26.363882385448672, 36.28677106875999, 26.363882385448672, 50.14708427503996, 16.293775389611937, 67.27937358744006, 16.293775389611937
53.419060381160094, 58.95143316467255, 67.27937358744008, 69.02154016050929, 50.14708427503996, 69.02154016050929, 36.286771068759975, 58.95143316467255
53.41906038116011, -164.40696270646725, 67.27937358744008, -154.33685571063052, 50.14708427503997, -154.33685571063052, 36.286771068760004, -164.40696270646725
53.41906038116011, 164.40696270646725, 67.27937358744008, 154.33685571063052, 50.14708427503997, 154.33685571063052, 36.286771068760004, 164.40696270646725
55.44125282511989, -138.04308032101858, 41.58093961883992, -127.97297332518184, 58.713228931240025, -127.97297332518185, 72.57354213752, -138.04308032101858
55.44125282511989, -85.31531555012123, 41.58093961883991, -95.38542254595798, 58.713228931240025, -95.38542254595797, 72.57354213752001, -85.31531555012121
55.44125282511989, 85.31531555012123, 41.58093961883991, 95.38542254595798, 58.713228931240025, 95.38542254595797, 72.57354213752001, 85.31531555012121
55.44125282511989, 138.04308032101858, 41.58093961883992, 127.97297332518184, 58.713228931240025, 127.97297332518185, 72.57354213752, 138.04308032101858
72.57354213752, -85.31531555012123, 55.44125282511989, -85.31531555012123, 50.14708427503996, -69.02154016050929, 67.27937358744006, -69.02154016050929
72.57354213752, -0.0, 55.44125282511989, -0.0, 50.14708427503996, -16.293775389611937, 67.27937358744006, -16.293775389611937
72.57354213752, 0.0, 55.44125282511989, 0.0, 50.14708427503996, 16.293775389611937, 67.27937358744006, 16.293775389611937
72.57354213752, 85.31531555012123, 55.44125282511989, 85.31531555012123, 50.14708427503996, 69.02154016050929, 67.27937358744006, 69.02154016050929
72.57354213752, -138.04308032101858, 55.44125282511989, -138.04308032101858, 50.14708427503997, -154.33685571063052, 67.27937358744008, -154.33685571063052
72.57354213752, 138.04308032101858, 55.44125282511989, 138.04308032101858, 50.14708427503997, 154.33685571063052, 67.27937358744008, 154.33685571063052
67.27937358744008, -69.02154016050929, 72.57354213751998, -52.72776477089734, 58.71322893124001, -42.657657775060606, 53.41906038116011, -58.95143316467256
67.27937358744008, -16.293775389611934, 53.419060381160094, -26.363882385448672, 58.71322893124001, -42.657657775060606, 72.57354213752, -32.58755077922387
67.27937358744008, 16.293775389611934, 53.419060381160094, 26.363882385448672, 58.71322893124001, 42.657657775060606, 72.57354213752, 32.58755077922387
67.27937358744008, 69.02154016050929, 72.57354213751998, 52.72776477089734, 58.71322893124001, 42.657657775060606, 53.41906038116011, 58.95143316467256
67.27937358744008, -154.33685571063052, 53.41906038116011, -164.40696270646725, 58.713228931240025, -180.7007380960792, 72.57354213752, -170.63063110024245
67.27937358744008, -121.74930493140664, 72.57354213752, -138.04308032101858, 58.713228931240025, -127.97297332518185, 53.41906038116011, -111.67919793556992
67.27937358744008, -101.60909093973316, 72.57354213752, -85.31531555012123, 58.713228931240025, -95.38542254595797, 53.41906038116011, -111.6791979355699
67.27937358744008, 101.60909093973316, 72.57354213752, 85.31531555012123, 58.713228931240025, 95.38542254595797, 53.41906038116011, 111.6791979355699
67.27937358744008, 121.74930493140664, 72.57354213752, 138.04308032101858, 58.713228931240025, 127.97297332518185, 53.41906038116011, 111.67919793556992
67.27937358744008, 154.33685571063052, 53.41906038116011, 164.40696270646725, 58.713228931240025, 180.7007380960792, 72.57354213752, 170.63063110024245
53.41906038116011, -111.6791979355699, 67.27937358744008, -121.74930493140664, 81.13968679372005, -111.6791979355699, 67.27937358744008, -101.60909093973316
53.41906038116011, 111.6791979355699, 67.27937358744008, 121.74930493140664, 81.13968679372005, 111.6791979355699, 67.27937358744008, 101.60909093973316
86.43385534379996, -42.657657775060606, 72.57354213751998, -52.72776477089734, 58.71322893124001, -42.657657775060606, 72.57354213752, -32.587550779223875
86.43385534379996, 42.657657775060606, 72.57354213751998, 52.72776477089734, 58.71322893124001, 42.657657775060606, 72.57354213752, 32.587550779223875
72.57354213751998, -52.72776477089734, 86.43385534379996, -42.657657775060606, 81.13968679372003, -58.95143316467254, 67.27937358744005, -69.02154016050926
72.57354213751998, -32.587550779223875, 86.43385534379996, -42.657657775060606, 81.13968679372003, -26.363882385448672, 67.27937358744005, -16.29377538961194
72.57354213751998, 32.587550779223875, 86.43385534379996, 42.657657775060606, 81.13968679372003, 26.363882385448672, 67.27937358744005, 16.29377538961194
72.57354213751998, 52.72776477089734, 86.43385534379996, 42.657657775060606, 81.13968679372003, 58.95143316467254, 67.27937358744005, 69.02154016050926
72.57354213752, -85.31531555012123, 86.43385534379996, -75.24520855428449, 81.13968679372003, -58.95143316467254, 67.27937358744006, -69.02154016050928
72.57354213752, -0.0, 86.43385534379996, -10.070106995836735, 81.13968679372003, -26.363882385448672, 67.27937358744006, -16.293775389611937
72.57354213752, 0.0, 86.43385534379996, 10.070106995836735, 81.13968679372003, 26.363882385448672, 67.27937358744006, 16.293775389611937
72.57354213752, 85.31531555012123, 86.43385534379996, 75.24520855428449, 81.13968679372003, 58.95143316467254, 67.27937358744006, 69.02154016050928
72.57354213752, -170.63063110024245, 67.27937358744008, -154.33685571063052, 81.13968679372005, -164.40696270646725, 86.43385534379996, -180.7007380960792
72.57354213752, -138.04308032101858, 86.43385534379996, -148.11318731685532, 81.13968679372005, -164.40696270646725, 67.27937358744008, -154.33685571063052
72.57354213752, -138.04308032101858, 67.27937358744008, -121.74930493140664, 81.13968679372005, -111.6791979355699, 86.43385534379996, -127.97297332518184
72.57354213752, -85.31531555012123, 86.43385534379996, -95.38542254595797, 81.13968679372005, -111.6791979355699, 67.27937358744008, -101.60909093973316
72.57354213752, 85.31531555012123, 86.43385534379996, 95.38542254595797, 81.13968679372005, 111.6791979355699, 67.27937358744008, 101.60909093973316
72.57354213752, 138.04308032101858, 67.27937358744008, 121.74930493140664, 81.13968679372005, 111.6791979355699, 86.43385534379996, 127.97297332518184
72.57354213752, 138.04308032101858, 86.43385534379996, 148.11318731685532, 81.13968679372005, 164.40696270646725, 67.27937358744008, 154.33685571063052
72.57354213752, 170.63063110024245, 67.27937358744008, 154.33685571063052, 81.13968679372005, 164.40696270646725, 86.43385534379996, 180.7007380960792
86.43385534379996, -148.11318731685532, 103.56614465620007, -148.11318731685532, 89.7058314499201, -138.04308032101858, 72.57354213752, -138.04308032101858
86.43385534379996, -127.97297332518184, 72.57354213752, -138.04308032101858, 89.7058314499201, -138.04308032101858, 103.56614465620007, -127.97297332518184
86.43385534379996, -95.38542254595797, 72.57354213752, -85.31531555012123, 89.7058314499201, -85.31531555012123, 103.56614465620007, -95.38542254595797
86.43385534379996, -75.24520855428449, 103.56614465620007, -75.24520855428449, 89.7058314499201, -85.31531555012123, 72.57354213752, -85.31531555012123
86.43385534379996, -10.070106995836735, 103.56614465620007, -10.070106995836735, 89.7058314499201, -0.0, 72.57354213752, 0.0
86.43385534379996, 10.070106995836735, 103.56614465620007, 10.070106995836735, 89.7058314499201, 0.0, 72.57354213752, 0.0
86.43385534379996, 75.24520855428449, 103.56614465620007, 75.24520855428449, 89.7058314499201, 85.31531555012123, 72.57354213752, 85.31531555012123
86.43385534379996, 95.38542254595797, 72.57354213752, 85.31531555012123, 89.7058314499201, 85.31531555012123, 103.56614465620007, 95.38542254595797
86.43385534379996, 127.97297332518184, 72.57354213752, 138.04308032101858, 89.7058314499201, 138.04308032101858, 103.56614465620007, 127.97297332518184
86.43385534379996, 148.11318731685532, 103.56614465620007, 148.11318731685532, 89.7058314499201, 138.04308032101858, 72.57354213752, 138.04308032101858
103.56614465620007, -75.24520855428449, 98.27197610612015, -58.95143316467254, 81.13968679372003, -58.95143316467254, 86.43385534379995, -75.24520855428449
103.56614465620007, -42.657657775060606, 98.27197610612015, -58.95143316467254, 81.13968679372003, -58.95143316467254, 86.43385534379995, -42.657657775060606
103.56614465620007, -42.657657775060606, 98.27197610612015, -26.363882385448672, 81.13968679372003, -26.363882385448672, 86.43385534379995, -42.657657775060606
103.56614465620007, -10.070106995836735, 98.27197610612015, -26.363882385448672, 81.13968679372003, -26.363882385448672, 86.43385534379995, -10.070106995836735
103.56614465620007, 10.070106995836735, 98.27197610612015, 26.363882385448672, 81.13968679372003, 26.363882385448672, 86.43385534379995, 10.070106995836735
103.56614465620007, 42.657657775060606, 98.27197610612015, 26.363882385448672, 81.13968679372003, 26.363882385448672, 86.43385534379995, 42.657657775060606
103.56614465620007, 42.657657775060606, 98.27197610612015, 58.95143316467254, 81.13968679372003, 58.95143316467254, 86.43385534379995, 42.657657775060606
103.56614465620007, 75.24520855428449, 98.27197610612015, 58.95143316467254, 81.13968679372003, 58.95143316467254, 86.43385534379995, 75.24520855428449
103.56614465620007, -148.11318731685532, 86.43385534379996, -148.11318731685532, 81.13968679372005, -164.40696270646725, 98.27197610612015, -164.40696270646725
103.56614465620007, -127.97297332518184, 86.43385534379996, -127.97297332518184, 81.13968679372005, -111.6791979355699, 98.27197610612015, -111.6791979355699
103.56614465620007, -95.38542254595797, 86.43385534379996, -95.38542254595797, 81.13968679372005, -111.6791979355699, 98.27197610612015, -111.6791979355699
103.56614465620007, 95.38542254595797, 86.43385534379996, 95.38542254595797, 81.13968679372005, 111.6791979355699, 98.27197610612015, 111.6791979355699
103.56614465620007, 127.97297332518184, 86.43385534379996, 127.97297332518184, 81.13968679372005, 111.6791979355699, 98.27197610612015, 111.6791979355699
103.56614465620007, 148.11318731685532, 86.43385534379996, 148.11318731685532, 81.13968679372005, 164.40696270646725, 98.27197610612015, 164.40696270646725
117.42645786248004, -138.04308032101858, 103.56614465620007, -148.11318731685532, 89.7058314499201, -138.04308032101858, 103.56614465620007, -127.97297332518184
98.27197610612015, -111.6791979355699, 103.56614465620007, -127.97297332518184, 108.86031320627998, -111.6791979355699, 103.56614465620007, -95.38542254595797
117.42645786248004, -85.31531555012123, 103.56614465620007, -75.24520855428449, 89.7058314499201, -85.31531555012123, 103.56614465620007, -95.38542254595797
98.27197610612015, -58.95143316467254, 103.56614465620007, -75.24520855428449, 108.86031320627998, -58.95143316467254, 103.56614465620007, -42.657657775060585
98.27197610612015, -26.363882385448672, 103.56614465620007, -10.070106995836735, 108.86031320627998, -26.363882385448672, 103.56614465620007, -42.65765777506061
117.42645786248004, 0.0, 103.56614465620007, 10.070106995836735, 89.7058314499201, 0.0, 103.56614465620007, -10.070106995836735
98.27197610612015, 26.363882385448672, 103.56614465620007, 10.070106995836735, 108.86031320627998, 26.363882385448672, 103.56614465620007, 42.65765777506061
98.27197610612015, 58.95143316467254, 103.56614465620007, 75.24520855428449, 108.86031320627998, 58.95143316467254, 103.56614465620007, 42.657657775060585
117.42645786248004, 85.31531555012123, 103.56614465620007, 75.24520855428449, 89.7058314499201, 85.31531555012123, 103.56614465620007, 95.38542254595797
98.27197610612015, 111.6791979355699, 103.56614465620007, 127.97297332518184, 108.86031320627998, 111.6791979355699, 103.56614465620007, 95.38542254595797
117.42645786248004, 138.04308032101858, 103.56614465620007, 148.11318731685532, 89.7058314499201, 138.04308032101858, 103.56614465620007, 127.97297332518184
117.42645786248004, -138.04308032101858, 122.72062641255995, -121.74930493140664, 108.86031320627998, -111.6791979355699, 103.56614465620007, -127.97297332518184
117.42645786248004, -85.31531555012123, 122.72062641255995, -101.60909093973316, 108.86031320627998, -111.6791979355699, 103.56614465620007, -95.38542254595797
117.42645786248004, -85.31531555012123, 103.56614465620007, -75.24520855428449, 108.86031320627998, -58.95143316467254, 122.72062641255995, -69.02154016050928
117.42645786248004, -52.72776477089734, 103.56614465620007, -42.657657775060606, 108.86031320627998, -58.95143316467254, 122.72062641255995, -69.02154016050926
117.42645786248004, -32.587550779223875, 103.56614465620007, -42.657657775060606, 108.86031320627998, -26.363882385448672, 122.72062641255995, -16.29377538961194
117.42645786248004, -0.0, 122.72062641255995, -16.293775389611934, 108.86031320627998, -26.363882385448672, 103.56614465620007, -10.070106995836738
117.42645786248004, 0.0, 122.72062641255995, 16.293775389611934, 108.86031320627998, 26.363882385448672, 103.56614465620007, 10.070106995836738
117.42645786248004, 32.587550779223875, 103.56614465620007, 42.657657775060606, 108.86031320627998, 26.363882385448672, 122.72062641255995, 16.29377538961194
117.42645786248004, 52.72776477089734, 103.56614465620007, 42.657657775060606, 108.86031320627998, 58.95143316467254, 122.72062641255995, 69.02154016050926
117.42645786248004, 85.31531555012123, 103.56614465620007, 75.24520855428449, 108.86031320627998, 58.95143316467254, 122.72062641255995, 69.02154016050928
117.42645786248004, 85.31531555012123, 122.72062641255995, 101.60909093973316, 108.86031320627998, 111.6791979355699, 103.56614465620007, 95.38542254595797
117.42645786248004, 138.04308032101858, 122.72062641255995, 121.74930493140664, 108.86031320627998, 111.6791979355699, 103.56614465620007, 127.97297332518184
103.56614465620007, -42.657657775060606, 117.42645786248004, -52.72776477089734, 131.28677106876, -42.657657775060606, 117.42645786248004, -32.587550779223875
103.56614465620007, 42.657657775060606, 117.42645786248004, 52.72776477089734, 131.28677106876, 42.657657775060606, 117.42645786248004, 32.587550779223875
136.58093961883992, -111.6791979355699, 122.72062641255995, -121.74930493140664, 108.86031320627998, -111.6791979355699, 122.72062641255995, -101.60909093973316
136.58093961883992, 111.6791979355699, 122.72062641255995, 121.74930493140664, 108.86031320627998, 111.6791979355699, 122.72062641255995, 101.60909093973316
122.72062641255995, -121.74930493140664, 136.58093961883992, -111.6791979355699, 131.28677106876, -127.97297332518184, 117.42645786248004, -138.04308032101858
122.72062641255995, -101.60909093973316, 136.58093961883992, -111.6791979355699, 131.28677106876, -95.38542254595797, 117.42645786248004, -85.31531555012123
122.72062641255995, -69.02154016050929, 117.42645786248004, -52.72776477089734, 131.28677106876, -42.657657775060606, 136.58093961883992, -58.95143316467256
122.72062641255995, -16.293775389611934, 136.58093961883992, -26.363882385448672, 131.28677106876, -42.657657775060606, 117.42645786248004, -32.58755077922387
122.72062641255995, 16.293775389611934, 136.58093961883992, 26.363882385448672, 131.28677106876, 42.657657775060606, 117.42645786248004, 32.58755077922387
122.72062641255995, 69.02154016050929, 117.42645786248004, 52.72776477089734, 131.28677106876, 42.657657775060606, 136.58093961883992, 58.95143316467256
122.72062641255995, 101.60909093973316, 136.58093961883992, 111.6791979355699, 131.28677106876, 95.38542254595797, 117.42645786248004, 85.31531555012123
122.72062641255995, 121.74930493140664, 136.58093961883992, 111.6791979355699, 131.28677106876, 127.97297332518184, 117.42645786248004, 138.04308032101858
117.42645786248004, -85.31531555012123, 134.55874717488012, -85.31531555012123, 139.85291572496004, -69.02154016050928, 122.72062641255995, -69.02154016050928
117.42645786248004, -0.0, 122.72062641255995, -16.293775389611934, 139.85291572496004, -16.293775389611937, 134.55874717488012, -3.552713678800501e-15
117.42645786248004, 0.0, 122.72062641255995, 16.293775389611934, 139.85291572496004, 16.293775389611937, 134.55874717488012, 3.552713678800501e-15
117.42645786248004, 85.31531555012123, 134.55874717488012, 85.31531555012123, 139.85291572496004, 69.02154016050928, 122.72062641255995, 69.02154016050928
134.55874717488012, -85.31531555012123, 148.4190603811601, -95.38542254595795, 131.28677106876, -95.38542254595797, 117.42645786248002, -85.31531555012124
134.55874717488012, 85.31531555012123, 148.4190603811601, 95.38542254595795, 131.28677106876, 95.38542254595797, 117.42645786248002, 85.31531555012124
136.58093961883992, -58.95143316467254, 153.71322893124002, -58.95143316467255, 139.85291572496004, -69.02154016050928, 122.72062641255994, -69.02154016050926
136.58093961883992, -26.363882385448672, 153.71322893124, -26.363882385448672, 139.85291572496004, -16.293775389611937, 122.72062641255997, -16.293775389611937
136.58093961883992, 26.363882385448672, 153.71322893124, 26.363882385448672, 139.85291572496004, 16.293775389611937, 122.72062641255997, 16.293775389611937
136.58093961883992, 58.95143316467254, 153.71322893124002, 58.95143316467255, 139.85291572496004, 69.02154016050928, 122.72062641255994, 69.02154016050926
153.71322893124002, -111.6791979355699, 136.58093961883992, -111.6791979355699, 131.28677106876, -127.97297332518184, 148.4190603811601, -127.97297332518184
153.71322893124002, -111.6791979355699, 148.4190603811601, -95.38542254595795, 131.28677106876, -95.38542254595797, 136.58093961883992, -111.67919793556992
153.71322893124002, -58.95143316467255, 148.41906038116008, -42.65765777506061, 131.28677106876, -42.657657775060606, 136.58093961883995, -58.951433164672544
153.71322893124, -26.363882385448672, 136.58093961883992, -26.363882385448672, 131.28677106876, -42.657657775060606, 148.41906038116008, -42.657657775060606
153.71322893124, 26.363882385448672, 136.58093961883992, 26.363882385448672, 131.28677106876, 42.657657775060606, 148.41906038116008, 42.657657775060606
153.71322893124002, 58.95143316467255, 148.41906038116008, 42.65765777506061, 131.28677106876, 42.657657775060606, 136.58093961883995, 58.951433164672544
153.71322893124002, 111.6791979355699, 148.4190603811601, 95.38542254595795, 131.28677106876, 95.38542254595797, 136.58093961883992, 111.67919793556992
153.71322893124002, 111.6791979355699, 136.58093961883992, 111.6791979355699, 131.28677106876, 127.97297332518184, 148.4190603811601, 127.97297332518184
148.4190603811601, -95.38542254595795, 153.71322893124002, -79.09164715634603, 139.85291572496004, -69.02154016050928, 134.55874717488012, -85.3153155501212
148.4190603811601, -10.070106995836738, 134.55874717488015, -0.0, 139.85291572496004, -16.293775389611937, 153.71322893124, -26.363882385448676
148.4190603811601, 10.070106995836738, 134.55874717488015, 0.0, 139.85291572496004, 16.293775389611937, 153.71322893124, 26.363882385448676
148.4190603811601, 95.38542254595795, 153.71322893124002, 79.09164715634603, 139.85291572496004, 69.02154016050928, 134.55874717488012, 85.3153155501212
134.55874717488015, 0.0, 148.4190603811601, 10.070106995836738, 162.2793735874401, 0.0, 148.41906038116014, -10.070106995836738
167.57354213751998, -69.02154016050929, 153.71322893124002, -79.09164715634603, 139.85291572496004, -69.02154016050928, 153.71322893124, -58.95143316467254
148.41906038116008, -42.65765777506061, 153.71322893124, -26.363882385448672, 159.0073974813199, -42.65765777506061, 153.71322893124, -58.95143316467255
148.41906038116008, 42.65765777506061, 153.71322893124, 26.363882385448672, 159.0073974813199, 42.65765777506061, 153.71322893124, 58.95143316467255
167.57354213751998, 69.02154016050929, 153.71322893124002, 79.09164715634603, 139.85291572496004, 69.02154016050928, 153.71322893124, 58.95143316467254
153.71322893124002, -111.6791979355699, 148.4190603811601, -95.38542254595795, 162.2793735874401, -85.31531555012123, 167.57354213752, -101.60909093973318
153.71322893124002, -79.09164715634603, 148.4190603811601, -95.38542254595795, 162.2793735874401, -85.31531555012123, 167.57354213752, -69.0215401605093
153.71322893124, -26.363882385448672, 148.4190603811601, -10.070106995836738, 162.2793735874401, -0.0, 167.57354213751998, -16.293775389611934
153.71322893124, 26.363882385448672, 148.4190603811601, 10.070106995836738, 162.2793735874401, 0.0, 167.57354213751998, 16.293775389611934
153.71322893124002, 79.09164715634603, 148.4190603811601, 95.38542254595795, 162.2793735874401, 85.31531555012123, 167.57354213752, 69.0215401605093
153.71322893124002, 111.6791979355699, 148.4190603811601, 95.38542254595795, 162.2793735874401, 85.31531555012123, 167.57354213752, 101.60909093973318
167.57354213751998, -69.02154016050929, 172.86771068759992, -52.72776477089735, 159.0073974813199, -42.65765777506061, 153.71322893123997, -58.95143316467255
167.57354213751998, -36.433989381285414, 172.86771068759992, -52.72776477089735, 159.0073974813199, -42.65765777506061, 153.71322893123997, -26.363882385448676
167.57354213751998, 36.433989381285414, 172.86771068759992, 52.72776477089735, 159.0073974813199, 42.65765777506061, 153.71322893123997, 26.363882385448676
167.57354213751998, 69.02154016050929, 172.86771068759992, 52.72776477089735, 159.0073974813199, 42.65765777506061, 153.71322893123997, 58.95143316467255
153.71322893124, -26.363882385448672, 167.57354213751998, -36.433989381285414, 181.43385534379996, -26.363882385448672, 167.57354213751998, -16.29377538961193
153.71322893124, 26.363882385448672, 167.57354213751998, 36.433989381285414, 181.43385534379996, 26.363882385448672, 167.57354213751998, 16.29377538961193
172.86771068759992, 0.0, 167.57354213751995, 16.293775389611937, 162.2793735874401, 0.0, 167.57354213752006, -16.293775389611937
172.86771068759992, -52.72776477089735, 167.57354213751998, -36.433989381285414, 181.43385534379996, -26.363882385448672, 186.7280238938799, -42.65765777506061
172.86771068759992, 52.72776477089735, 167.57354213751998, 36.433989381285414, 181.43385534379996, 26.363882385448672, 186.7280238938799, 42.65765777506061
167.57354213751995, -16.293775389611937, 172.86771068759992, -0.0, 190.0, -0.0, 184.70583144992003, -16.293775389611937
167.57354213751995, 16.293775389611937, 172.86771068759992, 0.0, 190.0, 0.0, 184.70583144992003, 16.293775389611937
184.70583144992008, -16.293775389611937, 167.57354213751995, -16.293775389611937, 181.43385534379996, -26.363882385448672, 198.5661446562001, -26.363882385448672
184.70583144992008, 16.293775389611937, 167.57354213751995, 16.293775389611937, 181.43385534379996, 26.363882385448672, 198.5661446562001, 26.363882385448672
