-0.4778 -0.0422 -0.4694 -0.0161 -0.4915 0.0 -0.5 -0.0261
-0.4778 0.0422 -0.4694 0.0161 -0.4915 0.0 -0.5 0.0261
-0.4472 0.0 -0.4694 0.0161 -0.4915 0.0 -0.4694 -0.0161
-0.4694 -0.0161 -0.4778 -0.0422 -0.4557 -0.0261 -0.4472 0.0
-0.4694 0.0161 -0.4778 0.0422 -0.4557 0.0261 -0.4472 0.0
-0.4694 -0.0682 -0.4472 -0.0521 -0.4557 -0.0261 -0.4778 -0.0422
-0.4694 0.0682 -0.4472 0.0521 -0.4557 0.0261 -0.4778 0.0422
-0.4694 -0.0682 -0.4472 -0.0843 -0.4557 -0.1104 -0.4778 -0.0943
-0.4694 0.0682 -0.4472 0.0843 -0.4557 0.1104 -0.4778 0.0943
-0.4472 -0.0521 -0.4198 -0.0521 -0.442 -0.0682 -0.4694 -0.0682
-0.4472 0.0521 -0.4198 0.0521 -0.442 0.0682 -0.4694 0.0682
-0.4472 -0.0843 -0.4694 -0.0682 -0.442 -0.0682 -0.4198 -0.0843
-0.4472 0.0843 -0.4694 0.0682 -0.442 0.0682 -0.4198 0.0843
-0.4472 -0.1364 -0.4198 -0.1364 -0.442 -0.1525 -0.4694 -0.1525
-0.4472 0.1364 -0.4198 0.1364 -0.442 0.1525 -0.4694 0.1525
-0.4198 0.0 -0.4283 -0.0261 -0.4557 -0.0261 -0.4472 0.0
-0.4198 0.0 -0.4283 0.0261 -0.4557 0.0261 -0.4472 0.0
-0.4198 -0.0521 -0.4472 -0.0521 -0.4557 -0.0261 -0.4283 -0.0261
-0.4198 0.0521 -0.4472 0.0521 -0.4557 0.0261 -0.4283 0.0261
-0.4198 -0.0843 -0.4472 -0.0843 -0.4557 -0.1104 -0.4283 -0.1104
-0.4198 0.0843 -0.4472 0.0843 -0.4557 0.1104 -0.4283 0.1104
-0.4198 -0.1364 -0.4472 -0.1364 -0.4557 -0.1104 -0.4283 -0.1104
-0.4198 0.1364 -0.4472 0.1364 -0.4557 0.1104 -0.4283 0.1104
-0.4283 -0.1947 -0.4198 -0.1686 -0.442 -0.1525 -0.4504 -0.1786
-0.4283 0.1947 -0.4198 0.1686 -0.442 0.1525 -0.4504 0.1786
-0.4283 -0.0261 -0.4198 -0.0521 -0.4114 -0.0261 -0.4198 0.0
-0.4283 0.0261 -0.4198 0.0521 -0.4114 0.0261 -0.4198 0.0
-0.3977 -0.0682 -0.4198 -0.0521 -0.442 -0.0682 -0.4198 -0.0843
-0.3977 0.0682 -0.4198 0.0521 -0.442 0.0682 -0.4198 0.0843
-0.4283 -0.1104 -0.4198 -0.1364 -0.4114 -0.1104 -0.4198 -0.0843
-0.4283 0.1104 -0.4198 0.1364 -0.4114 0.1104 -0.4198 0.0843
-0.3977 -0.1525 -0.4198 -0.1686 -0.442 -0.1525 -0.4198 -0.1364
-0.3977 0.1525 -0.4198 0.1686 -0.442 0.1525 -0.4198 0.1364
-0.4198 -0.1686 -0.4283 -0.1947 -0.4061 -0.1786 -0.3977 -0.1525
-0.4198 0.1686 -0.4283 0.1947 -0.4061 0.1786 -0.3977 0.1525
-0.4198 -0.2207 -0.4283 -0.1947 -0.4061 -0.1786 -0.3977 -0.2046
-0.4198 0.2207 -0.4283 0.1947 -0.4061 0.1786 -0.3977 0.2046
-0.3977 -0.0161 -0.4198 0.0 -0.4114 -0.0261 -0.3892 -0.0422
-0.3977 0.0161 -0.4198 0.0 -0.4114 0.0261 -0.3892 0.0422
-0.3977 -0.0682 -0.4198 -0.0521 -0.4114 -0.0261 -0.3892 -0.0422
-0.3977 0.0682 -0.4198 0.0521 -0.4114 0.0261 -0.3892 0.0422
-0.3977 -0.0682 -0.3892 -0.0943 -0.4114 -0.1104 -0.4198 -0.0843
-0.3977 0.0682 -0.3892 0.0943 -0.4114 0.1104 -0.4198 0.0843
-0.3977 -0.1525 -0.3892 -0.1265 -0.4114 -0.1104 -0.4198 -0.1364
-0.3977 0.1525 -0.3892 0.1265 -0.4114 0.1104 -0.4198 0.1364
-0.3977 -0.2368 -0.3892 -0.2629 -0.4114 -0.2468 -0.4198 -0.2207
-0.3977 0.2368 -0.3892 0.2629 -0.4114 0.2468 -0.4198 0.2207
-0.3977 -0.2889 -0.3892 -0.2629 -0.4114 -0.2468 -0.4198 -0.2728
-0.3977 0.2889 -0.3892 0.2629 -0.4114 0.2468 -0.4198 0.2728
-0.4198 0.0 -0.3977 -0.0161 -0.3755 0.0 -0.3977 0.0161
-0.3892 -0.1786 -0.3977 -0.1525 -0.4061 -0.1786 -0.3977 -0.2046
-0.3892 0.1786 -0.3977 0.1525 -0.4061 0.1786 -0.3977 0.2046
-0.4198 -0.2207 -0.3977 -0.2368 -0.3755 -0.2207 -0.3977 -0.2046
-0.4198 0.2207 -0.3977 0.2368 -0.3755 0.2207 -0.3977 0.2046
-0.367 -0.1104 -0.3892 -0.1265 -0.4114 -0.1104 -0.3892 -0.0943
-0.367 0.1104 -0.3892 0.1265 -0.4114 0.1104 -0.3892 0.0943
-0.3892 -0.0422 -0.3977 -0.0161 -0.3755 0.0 -0.367 -0.0261
-0.3892 0.0422 -0.3977 0.0161 -0.3755 0.0 -0.367 0.0261
-0.3892 -0.0943 -0.367 -0.1104 -0.3755 -0.0843 -0.3977 -0.0682
-0.3892 0.0943 -0.367 0.1104 -0.3755 0.0843 -0.3977 0.0682
-0.3892 -0.1265 -0.367 -0.1104 -0.3755 -0.1364 -0.3977 -0.1525
-0.3892 0.1265 -0.367 0.1104 -0.3755 0.1364 -0.3977 0.1525
-0.3892 -0.2629 -0.367 -0.2468 -0.3755 -0.2207 -0.3977 -0.2368
-0.3892 0.2629 -0.367 0.2468 -0.3755 0.2207 -0.3977 0.2368
-0.3977 -0.0682 -0.3703 -0.0682 -0.3618 -0.0422 -0.3892 -0.0422
-0.3977 0.0682 -0.3703 0.0682 -0.3618 0.0422 -0.3892 0.0422
-0.3977 -0.1525 -0.3892 -0.1786 -0.3618 -0.1786 -0.3703 -0.1525
-0.3977 0.1525 -0.3892 0.1786 -0.3618 0.1786 -0.3703 0.1525
-0.3977 -0.2046 -0.3892 -0.1786 -0.3618 -0.1786 -0.3703 -0.2046
-0.3977 0.2046 -0.3892 0.1786 -0.3618 0.1786 -0.3703 0.2046
-0.3977 -0.2889 -0.3703 -0.2889 -0.3618 -0.2629 -0.3892 -0.2629
-0.3977 0.2889 -0.3703 0.2889 -0.3618 0.2629 -0.3892 0.2629
-0.3977 -0.2889 -0.3703 -0.2889 -0.3618 -0.315 -0.3892 -0.315
-0.3977 0.2889 -0.3703 0.2889 -0.3618 0.315 -0.3892 0.315
-0.3703 -0.0682 -0.3481 -0.0843 -0.3755 -0.0843 -0.3977 -0.0682
-0.3703 0.0682 -0.3481 0.0843 -0.3755 0.0843 -0.3977 0.0682
-0.3703 -0.1525 -0.3977 -0.1525 -0.3755 -0.1364 -0.3481 -0.1364
-0.3703 0.1525 -0.3977 0.1525 -0.3755 0.1364 -0.3481 0.1364
-0.3703 -0.2046 -0.3481 -0.2207 -0.3755 -0.2207 -0.3977 -0.2046
-0.3703 0.2046 -0.3481 0.2207 -0.3755 0.2207 -0.3977 0.2046
-0.367 -0.0261 -0.3396 -0.0261 -0.3618 -0.0422 -0.3892 -0.0422
-0.367 0.0261 -0.3396 0.0261 -0.3618 0.0422 -0.3892 0.0422
-0.367 -0.2468 -0.3892 -0.2629 -0.3618 -0.2629 -0.3396 -0.2468
-0.367 0.2468 -0.3892 0.2629 -0.3618 0.2629 -0.3396 0.2468
-0.3396 -0.0261 -0.3481 0.0 -0.3755 0.0 -0.367 -0.0261
-0.3396 0.0261 -0.3481 0.0 -0.3755 0.0 -0.367 0.0261
-0.3396 -0.1104 -0.367 -0.1104 -0.3755 -0.0843 -0.3481 -0.0843
-0.3396 0.1104 -0.367 0.1104 -0.3755 0.0843 -0.3481 0.0843
-0.3396 -0.1104 -0.3481 -0.1364 -0.3755 -0.1364 -0.367 -0.1104
-0.3396 0.1104 -0.3481 0.1364 -0.3755 0.1364 -0.367 0.1104
-0.3396 -0.2468 -0.367 -0.2468 -0.3755 -0.2207 -0.3481 -0.2207
-0.3396 0.2468 -0.367 0.2468 -0.3755 0.2207 -0.3481 0.2207
-0.3481 -0.0843 -0.3396 -0.0583 -0.3618 -0.0422 -0.3703 -0.0682
-0.3481 0.0843 -0.3396 0.0583 -0.3618 0.0422 -0.3703 0.0682
-0.3481 -0.1364 -0.3396 -0.1625 -0.3618 -0.1786 -0.3703 -0.1525
-0.3481 0.1364 -0.3396 0.1625 -0.3618 0.1786 -0.3703 0.1525
-0.3481 -0.2207 -0.3396 -0.1947 -0.3618 -0.1786 -0.3703 -0.2046
-0.3481 0.2207 -0.3396 0.1947 -0.3618 0.1786 -0.3703 0.2046
-0.3481 -0.2728 -0.3703 -0.2889 -0.3618 -0.2629 -0.3396 -0.2468
-0.3481 0.2728 -0.3703 0.2889 -0.3618 0.2629 -0.3396 0.2468
-0.3481 -0.305 -0.3703 -0.2889 -0.3618 -0.315 -0.3396 -0.3311
-0.3481 0.305 -0.3703 0.2889 -0.3618 0.315 -0.3396 0.3311
-0.3703 -0.2889 -0.3481 -0.2728 -0.3259 -0.2889 -0.3481 -0.305
-0.3703 0.2889 -0.3481 0.2728 -0.3259 0.2889 -0.3481 0.305
-0.3481 0.0 -0.3396 -0.0261 -0.3312 0.0 -0.3396 0.0261
-0.3175 -0.0422 -0.3396 -0.0583 -0.3618 -0.0422 -0.3396 -0.0261
-0.3175 0.0422 -0.3396 0.0583 -0.3618 0.0422 -0.3396 0.0261
-0.3175 -0.1786 -0.3396 -0.1625 -0.3618 -0.1786 -0.3396 -0.1947
-0.3175 0.1786 -0.3396 0.1625 -0.3618 0.1786 -0.3396 0.1947
-0.3396 -0.0583 -0.3481 -0.0843 -0.3259 -0.0682 -0.3175 -0.0422
-0.3396 0.0583 -0.3481 0.0843 -0.3259 0.0682 -0.3175 0.0422
-0.3396 -0.1104 -0.3175 -0.0943 -0.3259 -0.0682 -0.3481 -0.0843
-0.3396 0.1104 -0.3175 0.0943 -0.3259 0.0682 -0.3481 0.0843
-0.3396 -0.1104 -0.3481 -0.1364 -0.3259 -0.1525 -0.3175 -0.1265
-0.3396 0.1104 -0.3481 0.1364 -0.3259 0.1525 -0.3175 0.1265
-0.3396 -0.1625 -0.3175 -0.1786 -0.3259 -0.1525 -0.3481 -0.1364
-0.3396 0.1625 -0.3175 0.1786 -0.3259 0.1525 -0.3481 0.1364
-0.3396 -0.1947 -0.3175 -0.1786 -0.3259 -0.2046 -0.3481 -0.2207
-0.3396 0.1947 -0.3175 0.1786 -0.3259 0.2046 -0.3481 0.2207
-0.3396 -0.2468 -0.3175 -0.2307 -0.3259 -0.2046 -0.3481 -0.2207
-0.3396 0.2468 -0.3175 0.2307 -0.3259 0.2046 -0.3481 0.2207
-0.3396 -0.2468 -0.3481 -0.2728 -0.3259 -0.2889 -0.3175 -0.2629
-0.3396 0.2468 -0.3481 0.2728 -0.3259 0.2889 -0.3175 0.2629
-0.3396 -0.3311 -0.3481 -0.305 -0.3259 -0.2889 -0.3175 -0.315
-0.3396 0.3311 -0.3481 0.305 -0.3259 0.2889 -0.3175 0.315
-0.3175 -0.0422 -0.309 -0.0161 -0.3312 0.0 -0.3396 -0.0261
-0.3175 0.0422 -0.309 0.0161 -0.3312 0.0 -0.3396 0.0261
-0.309 -0.0682 -0.3175 -0.0422 -0.3259 -0.0682 -0.3175 -0.0943
-0.309 0.0682 -0.3175 0.0422 -0.3259 0.0682 -0.3175 0.0943
-0.3396 -0.1104 -0.3175 -0.0943 -0.2953 -0.1104 -0.3175 -0.1265
-0.3396 0.1104 -0.3175 0.0943 -0.2953 0.1104 -0.3175 0.1265
-0.309 -0.1525 -0.3175 -0.1265 -0.3259 -0.1525 -0.3175 -0.1786
-0.309 0.1525 -0.3175 0.1265 -0.3259 0.1525 -0.3175 0.1786
-0.309 -0.2046 -0.3175 -0.2307 -0.3259 -0.2046 -0.3175 -0.1786
-0.309 0.2046 -0.3175 0.2307 -0.3259 0.2046 -0.3175 0.1786
-0.3396 -0.2468 -0.3175 -0.2307 -0.2953 -0.2468 -0.3175 -0.2629
-0.3396 0.2468 -0.3175 0.2307 -0.2953 0.2468 -0.3175 0.2629
-0.309 -0.2889 -0.3175 -0.2629 -0.3259 -0.2889 -0.3175 -0.315
-0.309 0.2889 -0.3175 0.2629 -0.3259 0.2889 -0.3175 0.315
-0.3396 -0.3311 -0.3175 -0.3472 -0.2953 -0.3311 -0.3175 -0.315
-0.3396 0.3311 -0.3175 0.3472 -0.2953 0.3311 -0.3175 0.315
-0.2869 0.0 -0.309 -0.0161 -0.3312 0.0 -0.309 0.0161
-0.309 -0.0161 -0.2869 0.0 -0.2953 -0.0261 -0.3175 -0.0422
-0.309 0.0161 -0.2869 0.0 -0.2953 0.0261 -0.3175 0.0422
-0.3175 -0.0422 -0.2901 -0.0422 -0.2816 -0.0682 -0.309 -0.0682
-0.3175 0.0422 -0.2901 0.0422 -0.2816 0.0682 -0.309 0.0682
-0.3175 -0.0943 -0.309 -0.0682 -0.2816 -0.0682 -0.2901 -0.0943
-0.3175 0.0943 -0.309 0.0682 -0.2816 0.0682 -0.2901 0.0943
-0.3175 -0.1265 -0.309 -0.1525 -0.2816 -0.1525 -0.2901 -0.1265
-0.3175 0.1265 -0.309 0.1525 -0.2816 0.1525 -0.2901 0.1265
-0.3175 -0.1786 -0.309 -0.1525 -0.2816 -0.1525 -0.2901 -0.1786
-0.3175 0.1786 -0.309 0.1525 -0.2816 0.1525 -0.2901 0.1786
-0.3175 -0.1786 -0.309 -0.2046 -0.2816 -0.2046 -0.2901 -0.1786
-0.3175 0.1786 -0.309 0.2046 -0.2816 0.2046 -0.2901 0.1786
-0.3175 -0.2307 -0.2901 -0.2307 -0.2816 -0.2046 -0.309 -0.2046
-0.3175 0.2307 -0.2901 0.2307 -0.2816 0.2046 -0.309 0.2046
-0.3175 -0.2629 -0.2901 -0.2629 -0.2816 -0.2889 -0.309 -0.2889
-0.3175 0.2629 -0.2901 0.2629 -0.2816 0.2889 -0.309 0.2889
-0.3175 -0.315 -0.2901 -0.315 -0.2816 -0.2889 -0.309 -0.2889
-0.3175 0.315 -0.2901 0.315 -0.2816 0.2889 -0.309 0.2889
-0.3175 -0.3472 -0.2901 -0.3472 -0.2816 -0.3732 -0.309 -0.3732
-0.3175 0.3472 -0.2901 0.3472 -0.2816 0.3732 -0.309 0.3732
-0.2901 -0.0422 -0.3175 -0.0422 -0.2953 -0.0261 -0.2679 -0.0261
-0.2901 0.0422 -0.3175 0.0422 -0.2953 0.0261 -0.2679 0.0261
-0.2901 -0.0943 -0.2679 -0.1104 -0.2953 -0.1104 -0.3175 -0.0943
-0.2901 0.0943 -0.2679 0.1104 -0.2953 0.1104 -0.3175 0.0943
-0.2901 -0.1265 -0.3175 -0.1265 -0.2953 -0.1104 -0.2679 -0.1104
-0.2901 0.1265 -0.3175 0.1265 -0.2953 0.1104 -0.2679 0.1104
-0.2901 -0.2307 -0.3175 -0.2307 -0.2953 -0.2468 -0.2679 -0.2468
-0.2901 0.2307 -0.3175 0.2307 -0.2953 0.2468 -0.2679 0.2468
-0.2901 -0.2629 -0.2679 -0.2468 -0.2953 -0.2468 -0.3175 -0.2629
-0.2901 0.2629 -0.2679 0.2468 -0.2953 0.2468 -0.3175 0.2629
-0.2901 -0.315 -0.2679 -0.3311 -0.2953 -0.3311 -0.3175 -0.315
-0.2901 0.315 -0.2679 0.3311 -0.2953 0.3311 -0.3175 0.315
-0.2901 -0.3472 -0.3175 -0.3472 -0.2953 -0.3311 -0.2679 -0.3311
-0.2901 0.3472 -0.3175 0.3472 -0.2953 0.3311 -0.2679 0.3311
-0.2595 0.0 -0.2869 0.0 -0.2953 -0.0261 -0.2679 -0.0261
-0.2595 0.0 -0.2869 0.0 -0.2953 0.0261 -0.2679 0.0261
-0.2679 -0.0261 -0.2901 -0.0422 -0.2816 -0.0682 -0.2595 -0.0521
-0.2679 0.0261 -0.2901 0.0422 -0.2816 0.0682 -0.2595 0.0521
-0.2679 -0.1104 -0.2901 -0.0943 -0.2816 -0.0682 -0.2595 -0.0843
-0.2679 0.1104 -0.2901 0.0943 -0.2816 0.0682 -0.2595 0.0843
-0.2679 -0.1104 -0.2901 -0.1265 -0.2816 -0.1525 -0.2595 -0.1364
-0.2679 0.1104 -0.2901 0.1265 -0.2816 0.1525 -0.2595 0.1364
-0.2679 -0.1625 -0.2901 -0.1786 -0.2816 -0.1525 -0.2595 -0.1364
-0.2679 0.1625 -0.2901 0.1786 -0.2816 0.1525 -0.2595 0.1364
-0.2679 -0.1947 -0.2595 -0.2207 -0.2816 -0.2046 -0.2901 -0.1786
-0.2679 0.1947 -0.2595 0.2207 -0.2816 0.2046 -0.2901 0.1786
-0.2679 -0.2468 -0.2901 -0.2307 -0.2816 -0.2046 -0.2595 -0.2207
-0.2679 0.2468 -0.2901 0.2307 -0.2816 0.2046 -0.2595 0.2207
-0.2679 -0.2468 -0.2595 -0.2728 -0.2816 -0.2889 -0.2901 -0.2629
-0.2679 0.2468 -0.2595 0.2728 -0.2816 0.2889 -0.2901 0.2629
-0.2679 -0.3311 -0.2901 -0.315 -0.2816 -0.2889 -0.2595 -0.305
-0.2679 0.3311 -0.2901 0.315 -0.2816 0.2889 -0.2595 0.305
-0.2679 -0.3311 -0.2901 -0.3472 -0.2816 -0.3732 -0.2595 -0.3571
-0.2679 0.3311 -0.2901 0.3472 -0.2816 0.3732 -0.2595 0.3571
-0.2679 -0.3832 -0.2595 -0.3571 -0.2816 -0.3732 -0.2901 -0.3993
-0.2679 0.3832 -0.2595 0.3571 -0.2816 0.3732 -0.2901 0.3993
-0.2901 -0.1786 -0.2679 -0.1625 -0.2458 -0.1786 -0.2679 -0.1947
-0.2901 0.1786 -0.2679 0.1625 -0.2458 0.1786 -0.2679 0.1947
-0.2373 -0.0682 -0.2595 -0.0843 -0.2816 -0.0682 -0.2595 -0.0521
-0.2373 0.0682 -0.2595 0.0843 -0.2816 0.0682 -0.2595 0.0521
-0.2373 -0.2889 -0.2595 -0.2728 -0.2816 -0.2889 -0.2595 -0.305
-0.2373 0.2889 -0.2595 0.2728 -0.2816 0.2889 -0.2595 0.305
-0.2595 0.0 -0.2373 -0.0161 -0.2458 -0.0422 -0.2679 -0.0261
-0.2595 0.0 -0.2373 0.0161 -0.2458 0.0422 -0.2679 0.0261
-0.2595 -0.0521 -0.2679 -0.0261 -0.2458 -0.0422 -0.2373 -0.0682
-0.2595 0.0521 -0.2679 0.0261 -0.2458 0.0422 -0.2373 0.0682
-0.2595 -0.0843 -0.2679 -0.1104 -0.2458 -0.0943 -0.2373 -0.0682
-0.2595 0.0843 -0.2679 0.1104 -0.2458 0.0943 -0.2373 0.0682
-0.2595 -0.1364 -0.2679 -0.1625 -0.2458 -0.1786 -0.2373 -0.1525
-0.2595 0.1364 -0.2679 0.1625 -0.2458 0.1786 -0.2373 0.1525
-0.2595 -0.2207 -0.2373 -0.2046 -0.2458 -0.1786 -0.2679 -0.1947
-0.2595 0.2207 -0.2373 0.2046 -0.2458 0.1786 -0.2679 0.1947
-0.2595 -0.2728 -0.2679 -0.2468 -0.2458 -0.2629 -0.2373 -0.2889
-0.2595 0.2728 -0.2679 0.2468 -0.2458 0.2629 -0.2373 0.2889
-0.2595 -0.305 -0.2679 -0.3311 -0.2458 -0.315 -0.2373 -0.2889
-0.2595 0.305 -0.2679 0.3311 -0.2458 0.315 -0.2373 0.2889
-0.2595 -0.3571 -0.2679 -0.3832 -0.2458 -0.3993 -0.2373 -0.3732
-0.2595 0.3571 -0.2679 0.3832 -0.2458 0.3993 -0.2373 0.3732
-0.2679 -0.1104 -0.2405 -0.1104 -0.2321 -0.1364 -0.2595 -0.1364
-0.2679 0.1104 -0.2405 0.1104 -0.2321 0.1364 -0.2595 0.1364
-0.2679 -0.2468 -0.2405 -0.2468 -0.2321 -0.2207 -0.2595 -0.2207
-0.2679 0.2468 -0.2405 0.2468 -0.2321 0.2207 -0.2595 0.2207
-0.2679 -0.3311 -0.2405 -0.3311 -0.2321 -0.3571 -0.2595 -0.3571
-0.2679 0.3311 -0.2405 0.3311 -0.2321 0.3571 -0.2595 0.3571
-0.2405 -0.1104 -0.2184 -0.0943 -0.2458 -0.0943 -0.2679 -0.1104
-0.2405 0.1104 -0.2184 0.0943 -0.2458 0.0943 -0.2679 0.1104
-0.2405 -0.2468 -0.2184 -0.2629 -0.2458 -0.2629 -0.2679 -0.2468
-0.2405 0.2468 -0.2184 0.2629 -0.2458 0.2629 -0.2679 0.2468
-0.2405 -0.3311 -0.2184 -0.315 -0.2458 -0.315 -0.2679 -0.3311
-0.2405 0.3311 -0.2184 0.315 -0.2458 0.315 -0.2679 0.3311
-0.2373 -0.0161 -0.2099 -0.0161 -0.2321 0.0 -0.2595 0.0
-0.2373 0.0161 -0.2099 0.0161 -0.2321 0.0 -0.2595 0.0
-0.2373 -0.1525 -0.2595 -0.1364 -0.2321 -0.1364 -0.2099 -0.1525
-0.2373 0.1525 -0.2595 0.1364 -0.2321 0.1364 -0.2099 0.1525
-0.2373 -0.2046 -0.2595 -0.2207 -0.2321 -0.2207 -0.2099 -0.2046
-0.2373 0.2046 -0.2595 0.2207 -0.2321 0.2207 -0.2099 0.2046
-0.2373 -0.3732 -0.2595 -0.3571 -0.2321 -0.3571 -0.2099 -0.3732
-0.2373 0.3732 -0.2595 0.3571 -0.2321 0.3571 -0.2099 0.3732
-0.2099 -0.0161 -0.2373 -0.0161 -0.2458 -0.0422 -0.2184 -0.0422
-0.2099 0.0161 -0.2373 0.0161 -0.2458 0.0422 -0.2184 0.0422
-0.2099 -0.0682 -0.2184 -0.0422 -0.2458 -0.0422 -0.2373 -0.0682
-0.2099 0.0682 -0.2184 0.0422 -0.2458 0.0422 -0.2373 0.0682
-0.2099 -0.0682 -0.2184 -0.0943 -0.2458 -0.0943 -0.2373 -0.0682
-0.2099 0.0682 -0.2184 0.0943 -0.2458 0.0943 -0.2373 0.0682
-0.2099 -0.1525 -0.2184 -0.1786 -0.2458 -0.1786 -0.2373 -0.1525
-0.2099 0.1525 -0.2184 0.1786 -0.2458 0.1786 -0.2373 0.1525
-0.2099 -0.2046 -0.2373 -0.2046 -0.2458 -0.1786 -0.2184 -0.1786
-0.2099 0.2046 -0.2373 0.2046 -0.2458 0.1786 -0.2184 0.1786
-0.2099 -0.2889 -0.2373 -0.2889 -0.2458 -0.2629 -0.2184 -0.2629
-0.2099 0.2889 -0.2373 0.2889 -0.2458 0.2629 -0.2184 0.2629
-0.2099 -0.2889 -0.2373 -0.2889 -0.2458 -0.315 -0.2184 -0.315
-0.2099 0.2889 -0.2373 0.2889 -0.2458 0.315 -0.2184 0.315
-0.2099 -0.3732 -0.2184 -0.3993 -0.2458 -0.3993 -0.2373 -0.3732
-0.2099 0.3732 -0.2184 0.3993 -0.2458 0.3993 -0.2373 0.3732
-0.2099 -0.4253 -0.2184 -0.3993 -0.2458 -0.3993 -0.2373 -0.4253
-0.2099 0.4253 -0.2184 0.3993 -0.2458 0.3993 -0.2373 0.4253
-0.2184 -0.0943 -0.2405 -0.1104 -0.2321 -0.1364 -0.2099 -0.1203
-0.2184 0.0943 -0.2405 0.1104 -0.2321 0.1364 -0.2099 0.1203
-0.2184 -0.2629 -0.2405 -0.2468 -0.2321 -0.2207 -0.2099 -0.2368
-0.2184 0.2629 -0.2405 0.2468 -0.2321 0.2207 -0.2099 0.2368
-0.2184 -0.315 -0.2405 -0.3311 -0.2321 -0.3571 -0.2099 -0.341
-0.2184 0.315 -0.2405 0.3311 -0.2321 0.3571 -0.2099 0.341
-0.1877 0.0 -0.2099 -0.0161 -0.2321 0.0 -0.2099 0.0161
-0.2184 -0.0422 -0.2099 -0.0161 -0.2014 -0.0422 -0.2099 -0.0682
-0.2184 0.0422 -0.2099 0.0161 -0.2014 0.0422 -0.2099 0.0682
-0.1877 -0.1364 -0.2099 -0.1203 -0.2321 -0.1364 -0.2099 -0.1525
-0.1877 0.1364 -0.2099 0.1203 -0.2321 0.1364 -0.2099 0.1525
-0.2184 -0.1786 -0.2099 -0.2046 -0.2014 -0.1786 -0.2099 -0.1525
-0.2184 0.1786 -0.2099 0.2046 -0.2014 0.1786 -0.2099 0.1525
-0.1877 -0.2207 -0.2099 -0.2368 -0.2321 -0.2207 -0.2099 -0.2046
-0.1877 0.2207 -0.2099 0.2368 -0.2321 0.2207 -0.2099 0.2046
-0.1877 -0.3571 -0.2099 -0.341 -0.2321 -0.3571 -0.2099 -0.3732
-0.1877 0.3571 -0.2099 0.341 -0.2321 0.3571 -0.2099 0.3732
-0.2184 -0.3993 -0.2099 -0.4253 -0.2014 -0.3993 -0.2099 -0.3732
-0.2184 0.3993 -0.2099 0.4253 -0.2014 0.3993 -0.2099 0.3732
-0.2099 -0.0682 -0.2184 -0.0943 -0.1962 -0.1104 -0.1877 -0.0843
-0.2099 0.0682 -0.2184 0.0943 -0.1962 0.1104 -0.1877 0.0843
-0.2099 -0.1203 -0.2184 -0.0943 -0.1962 -0.1104 -0.1877 -0.1364
-0.2099 0.1203 -0.2184 0.0943 -0.1962 0.1104 -0.1877 0.1364
-0.2099 -0.2368 -0.2184 -0.2629 -0.1962 -0.2468 -0.1877 -0.2207
-0.2099 0.2368 -0.2184 0.2629 -0.1962 0.2468 -0.1877 0.2207
-0.2099 -0.2889 -0.1877 -0.2728 -0.1962 -0.2468 -0.2184 -0.2629
-0.2099 0.2889 -0.1877 0.2728 -0.1962 0.2468 -0.2184 0.2629
-0.2099 -0.2889 -0.2184 -0.315 -0.1962 -0.3311 -0.1877 -0.305
-0.2099 0.2889 -0.2184 0.315 -0.1962 0.3311 -0.1877 0.305
-0.2099 -0.341 -0.2184 -0.315 -0.1962 -0.3311 -0.1877 -0.3571
-0.2099 0.341 -0.2184 0.315 -0.1962 0.3311 -0.1877 0.3571
-0.1877 0.0 -0.2099 -0.0161 -0.2014 -0.0422 -0.1793 -0.0261
-0.1877 0.0 -0.2099 0.0161 -0.2014 0.0422 -0.1793 0.0261
-0.1877 -0.0521 -0.1793 -0.0261 -0.2014 -0.0422 -0.2099 -0.0682
-0.1877 0.0521 -0.1793 0.0261 -0.2014 0.0422 -0.2099 0.0682
-0.1877 -0.1364 -0.1793 -0.1625 -0.2014 -0.1786 -0.2099 -0.1525
-0.1877 0.1364 -0.1793 0.1625 -0.2014 0.1786 -0.2099 0.1525
-0.1877 -0.2207 -0.1793 -0.1947 -0.2014 -0.1786 -0.2099 -0.2046
-0.1877 0.2207 -0.1793 0.1947 -0.2014 0.1786 -0.2099 0.2046
-0.1877 -0.3571 -0.1793 -0.3832 -0.2014 -0.3993 -0.2099 -0.3732
-0.1877 0.3571 -0.1793 0.3832 -0.2014 0.3993 -0.2099 0.3732
-0.1877 -0.4092 -0.1793 -0.3832 -0.2014 -0.3993 -0.2099 -0.4253
-0.1877 0.4092 -0.1793 0.3832 -0.2014 0.3993 -0.2099 0.4253
-0.2099 -0.0682 -0.1877 -0.0521 -0.1656 -0.0682 -0.1877 -0.0843
-0.2099 0.0682 -0.1877 0.0521 -0.1656 0.0682 -0.1877 0.0843
-0.1793 -0.1104 -0.1877 -0.1364 -0.1962 -0.1104 -0.1877 -0.0843
-0.1793 0.1104 -0.1877 0.1364 -0.1962 0.1104 -0.1877 0.0843
-0.1793 -0.2468 -0.1877 -0.2207 -0.1962 -0.2468 -0.1877 -0.2728
-0.1793 0.2468 -0.1877 0.2207 -0.1962 0.2468 -0.1877 0.2728
-0.2099 -0.2889 -0.1877 -0.2728 -0.1656 -0.2889 -0.1877 -0.305
-0.2099 0.2889 -0.1877 0.2728 -0.1656 0.2889 -0.1877 0.305
-0.1793 -0.3311 -0.1877 -0.305 -0.1962 -0.3311 -0.1877 -0.3571
-0.1793 0.3311 -0.1877 0.305 -0.1962 0.3311 -0.1877 0.3571
-0.2099 -0.4253 -0.1877 -0.4092 -0.1656 -0.4253 -0.1877 -0.4414
-0.2099 0.4253 -0.1877 0.4092 -0.1656 0.4253 -0.1877 0.4414
-0.1571 -0.1786 -0.1793 -0.1947 -0.2014 -0.1786 -0.1793 -0.1625
-0.1571 0.1786 -0.1793 0.1947 -0.2014 0.1786 -0.1793 0.1625
-0.1793 -0.0261 -0.1571 -0.0422 -0.1656 -0.0682 -0.1877 -0.0521
-0.1793 0.0261 -0.1571 0.0422 -0.1656 0.0682 -0.1877 0.0521
-0.1793 -0.1625 -0.1571 -0.1786 -0.1656 -0.1525 -0.1877 -0.1364
-0.1793 0.1625 -0.1571 0.1786 -0.1656 0.1525 -0.1877 0.1364
-0.1793 -0.1947 -0.1571 -0.1786 -0.1656 -0.2046 -0.1877 -0.2207
-0.1793 0.1947 -0.1571 0.1786 -0.1656 0.2046 -0.1877 0.2207
-0.1793 -0.3832 -0.1877 -0.4092 -0.1656 -0.4253 -0.1571 -0.3993
-0.1793 0.3832 -0.1877 0.4092 -0.1656 0.4253 -0.1571 0.3993
-0.1877 0.0 -0.1604 0.0 -0.1519 -0.0261 -0.1793 -0.0261
-0.1877 0.0 -0.1604 0.0 -0.1519 0.0261 -0.1793 0.0261
-0.1877 -0.0843 -0.1793 -0.1104 -0.1519 -0.1104 -0.1604 -0.0843
-0.1877 0.0843 -0.1793 0.1104 -0.1519 0.1104 -0.1604 0.0843
-0.1877 -0.1364 -0.1604 -0.1364 -0.1519 -0.1104 -0.1793 -0.1104
-0.1877 0.1364 -0.1604 0.1364 -0.1519 0.1104 -0.1793 0.1104
-0.1877 -0.2207 -0.1793 -0.2468 -0.1519 -0.2468 -0.1604 -0.2207
-0.1877 0.2207 -0.1793 0.2468 -0.1519 0.2468 -0.1604 0.2207
-0.1877 -0.2728 -0.1604 -0.2728 -0.1519 -0.2468 -0.1793 -0.2468
-0.1877 0.2728 -0.1604 0.2728 -0.1519 0.2468 -0.1793 0.2468
-0.1877 -0.305 -0.1604 -0.305 -0.1519 -0.3311 -0.1793 -0.3311
-0.1877 0.305 -0.1604 0.305 -0.1519 0.3311 -0.1793 0.3311
-0.1877 -0.3571 -0.1793 -0.3311 -0.1519 -0.3311 -0.1604 -0.3571
-0.1877 0.3571 -0.1793 0.3311 -0.1519 0.3311 -0.1604 0.3571
-0.1877 -0.3571 -0.1793 -0.3832 -0.1519 -0.3832 -0.1604 -0.3571
-0.1877 0.3571 -0.1793 0.3832 -0.1519 0.3832 -0.1604 0.3571
-0.1877 -0.4414 -0.1604 -0.4414 -0.1519 -0.4675 -0.1793 -0.4675
-0.1877 0.4414 -0.1604 0.4414 -0.1519 0.4675 -0.1793 0.4675
-0.1604 -0.0843 -0.1382 -0.0682 -0.1656 -0.0682 -0.1877 -0.0843
-0.1604 0.0843 -0.1382 0.0682 -0.1656 0.0682 -0.1877 0.0843
-0.1604 -0.1364 -0.1877 -0.1364 -0.1656 -0.1525 -0.1382 -0.1525
-0.1604 0.1364 -0.1877 0.1364 -0.1656 0.1525 -0.1382 0.1525
-0.1604 -0.2207 -0.1877 -0.2207 -0.1656 -0.2046 -0.1382 -0.2046
-0.1604 0.2207 -0.1877 0.2207 -0.1656 0.2046 -0.1382 0.2046
-0.1604 -0.2728 -0.1382 -0.2889 -0.1656 -0.2889 -0.1877 -0.2728
-0.1604 0.2728 -0.1382 0.2889 -0.1656 0.2889 -0.1877 0.2728
-0.1604 -0.305 -0.1877 -0.305 -0.1656 -0.2889 -0.1382 -0.2889
-0.1604 0.305 -0.1877 0.305 -0.1656 0.2889 -0.1382 0.2889
-0.1604 -0.4414 -0.1877 -0.4414 -0.1656 -0.4253 -0.1382 -0.4253
-0.1604 0.4414 -0.1877 0.4414 -0.1656 0.4253 -0.1382 0.4253
-0.1571 -0.0422 -0.1793 -0.0261 -0.1519 -0.0261 -0.1297 -0.0422
-0.1571 0.0422 -0.1793 0.0261 -0.1519 0.0261 -0.1297 0.0422
-0.1571 -0.3993 -0.1793 -0.3832 -0.1519 -0.3832 -0.1297 -0.3993
-0.1571 0.3993 -0.1793 0.3832 -0.1519 0.3832 -0.1297 0.3993
-0.1297 -0.0422 -0.1571 -0.0422 -0.1656 -0.0682 -0.1382 -0.0682
-0.1297 0.0422 -0.1571 0.0422 -0.1656 0.0682 -0.1382 0.0682
-0.1297 -0.1786 -0.1571 -0.1786 -0.1656 -0.1525 -0.1382 -0.1525
-0.1297 0.1786 -0.1571 0.1786 -0.1656 0.1525 -0.1382 0.1525
-0.1297 -0.1786 -0.1571 -0.1786 -0.1656 -0.2046 -0.1382 -0.2046
-0.1297 0.1786 -0.1571 0.1786 -0.1656 0.2046 -0.1382 0.2046
-0.1297 -0.3993 -0.1571 -0.3993 -0.1656 -0.4253 -0.1382 -0.4253
-0.1297 0.3993 -0.1571 0.3993 -0.1656 0.4253 -0.1382 0.4253
-0.1382 -0.0161 -0.1297 -0.0422 -0.1519 -0.0261 -0.1604 0.0
-0.1382 0.0161 -0.1297 0.0422 -0.1519 0.0261 -0.1604 0.0
-0.1382 -0.0682 -0.1297 -0.0943 -0.1519 -0.1104 -0.1604 -0.0843
-0.1382 0.0682 -0.1297 0.0943 -0.1519 0.1104 -0.1604 0.0843
-0.1382 -0.1525 -0.1604 -0.1364 -0.1519 -0.1104 -0.1297 -0.1265
-0.1382 0.1525 -0.1604 0.1364 -0.1519 0.1104 -0.1297 0.1265
-0.1382 -0.2046 -0.1604 -0.2207 -0.1519 -0.2468 -0.1297 -0.2307
-0.1382 0.2046 -0.1604 0.2207 -0.1519 0.2468 -0.1297 0.2307
-0.1382 -0.2889 -0.1297 -0.2629 -0.1519 -0.2468 -0.1604 -0.2728
-0.1382 0.2889 -0.1297 0.2629 -0.1519 0.2468 -0.1604 0.2728
-0.1382 -0.2889 -0.1604 -0.305 -0.1519 -0.3311 -0.1297 -0.315
-0.1382 0.2889 -0.1604 0.305 -0.1519 0.3311 -0.1297 0.315
-0.1382 -0.341 -0.1297 -0.315 -0.1519 -0.3311 -0.1604 -0.3571
-0.1382 0.341 -0.1297 0.315 -0.1519 0.3311 -0.1604 0.3571
-0.1382 -0.3732 -0.1297 -0.3993 -0.1519 -0.3832 -0.1604 -0.3571
-0.1382 0.3732 -0.1297 0.3993 -0.1519 0.3832 -0.1604 0.3571
-0.1382 -0.4253 -0.1297 -0.4514 -0.1519 -0.4675 -0.1604 -0.4414
-0.1382 0.4253 -0.1297 0.4514 -0.1519 0.4675 -0.1604 0.4414
-0.1604 0.0 -0.1382 -0.0161 -0.116 0.0 -0.1382 0.0161
-0.1604 -0.3571 -0.1382 -0.3732 -0.116 -0.3571 -0.1382 -0.341
-0.1604 0.3571 -0.1382 0.3732 -0.116 0.3571 -0.1382 0.341
-0.1076 -0.1104 -0.1297 -0.0943 -0.1519 -0.1104 -0.1297 -0.1265
-0.1076 0.1104 -0.1297 0.0943 -0.1519 0.1104 -0.1297 0.1265
-0.1076 -0.2468 -0.1297 -0.2629 -0.1519 -0.2468 -0.1297 -0.2307
-0.1076 0.2468 -0.1297 0.2629 -0.1519 0.2468 -0.1297 0.2307
-0.1076 -0.4675 -0.1297 -0.4514 -0.1519 -0.4675 -0.1297 -0.4836
-0.1076 0.4675 -0.1297 0.4514 -0.1519 0.4675 -0.1297 0.4836
-0.1297 -0.0422 -0.1076 -0.0261 -0.116 0.0 -0.1382 -0.0161
-0.1297 0.0422 -0.1076 0.0261 -0.116 0.0 -0.1382 0.0161
-0.1297 -0.0422 -0.1076 -0.0583 -0.116 -0.0843 -0.1382 -0.0682
-0.1297 0.0422 -0.1076 0.0583 -0.116 0.0843 -0.1382 0.0682
-0.1297 -0.0943 -0.1076 -0.1104 -0.116 -0.0843 -0.1382 -0.0682
-0.1297 0.0943 -0.1076 0.1104 -0.116 0.0843 -0.1382 0.0682
-0.1297 -0.1265 -0.1076 -0.1104 -0.116 -0.1364 -0.1382 -0.1525
-0.1297 0.1265 -0.1076 0.1104 -0.116 0.1364 -0.1382 0.1525
-0.1297 -0.1786 -0.1076 -0.1625 -0.116 -0.1364 -0.1382 -0.1525
-0.1297 0.1786 -0.1076 0.1625 -0.116 0.1364 -0.1382 0.1525
-0.1297 -0.1786 -0.1076 -0.1947 -0.116 -0.2207 -0.1382 -0.2046
-0.1297 0.1786 -0.1076 0.1947 -0.116 0.2207 -0.1382 0.2046
-0.1297 -0.2307 -0.1076 -0.2468 -0.116 -0.2207 -0.1382 -0.2046
-0.1297 0.2307 -0.1076 0.2468 -0.116 0.2207 -0.1382 0.2046
-0.1297 -0.2629 -0.1382 -0.2889 -0.116 -0.2728 -0.1076 -0.2468
-0.1297 0.2629 -0.1382 0.2889 -0.116 0.2728 -0.1076 0.2468
-0.1297 -0.315 -0.1076 -0.3311 -0.116 -0.3571 -0.1382 -0.341
-0.1297 0.315 -0.1076 0.3311 -0.116 0.3571 -0.1382 0.341
-0.1297 -0.3993 -0.1076 -0.3832 -0.116 -0.3571 -0.1382 -0.3732
-0.1297 0.3993 -0.1076 0.3832 -0.116 0.3571 -0.1382 0.3732
-0.1297 -0.3993 -0.1076 -0.4154 -0.116 -0.4414 -0.1382 -0.4253
-0.1297 0.3993 -0.1076 0.4154 -0.116 0.4414 -0.1382 0.4253
-0.1297 -0.4514 -0.1076 -0.4675 -0.116 -0.4414 -0.1382 -0.4253
-0.1297 0.4514 -0.1076 0.4675 -0.116 0.4414 -0.1382 0.4253
-0.1382 -0.2889 -0.1108 -0.2889 -0.1023 -0.315 -0.1297 -0.315
-0.1382 0.2889 -0.1108 0.2889 -0.1023 0.315 -0.1297 0.315
-0.1108 -0.2889 -0.0886 -0.2728 -0.116 -0.2728 -0.1382 -0.2889
-0.1108 0.2889 -0.0886 0.2728 -0.116 0.2728 -0.1382 0.2889
-0.1076 -0.0261 -0.1297 -0.0422 -0.1023 -0.0422 -0.0802 -0.0261
-0.1076 0.0261 -0.1297 0.0422 -0.1023 0.0422 -0.0802 0.0261
-0.1076 -0.0583 -0.0802 -0.0583 -0.1023 -0.0422 -0.1297 -0.0422
-0.1076 0.0583 -0.0802 0.0583 -0.1023 0.0422 -0.1297 0.0422
-0.1076 -0.1625 -0.0802 -0.1625 -0.1023 -0.1786 -0.1297 -0.1786
-0.1076 0.1625 -0.0802 0.1625 -0.1023 0.1786 -0.1297 0.1786
-0.1076 -0.1947 -0.0802 -0.1947 -0.1023 -0.1786 -0.1297 -0.1786
-0.1076 0.1947 -0.0802 0.1947 -0.1023 0.1786 -0.1297 0.1786
-0.1076 -0.3311 -0.0802 -0.3311 -0.1023 -0.315 -0.1297 -0.315
-0.1076 0.3311 -0.0802 0.3311 -0.1023 0.315 -0.1297 0.315
-0.1076 -0.3832 -0.1297 -0.3993 -0.1023 -0.3993 -0.0802 -0.3832
-0.1076 0.3832 -0.1297 0.3993 -0.1023 0.3993 -0.0802 0.3832
-0.1076 -0.4154 -0.0802 -0.4154 -0.1023 -0.3993 -0.1297 -0.3993
-0.1076 0.4154 -0.0802 0.4154 -0.1023 0.3993 -0.1297 0.3993
-0.0802 -0.0261 -0.1076 -0.0261 -0.116 0.0 -0.0886 0.0
-0.0802 0.0261 -0.1076 0.0261 -0.116 0.0 -0.0886 0.0
-0.0802 -0.0583 -0.0886 -0.0843 -0.116 -0.0843 -0.1076 -0.0583
-0.0802 0.0583 -0.0886 0.0843 -0.116 0.0843 -0.1076 0.0583
-0.0802 -0.1104 -0.0886 -0.0843 -0.116 -0.0843 -0.1076 -0.1104
-0.0802 0.1104 -0.0886 0.0843 -0.116 0.0843 -0.1076 0.1104
-0.0802 -0.1104 -0.0886 -0.1364 -0.116 -0.1364 -0.1076 -0.1104
-0.0802 0.1104 -0.0886 0.1364 -0.116 0.1364 -0.1076 0.1104
-0.0802 -0.1625 -0.0886 -0.1364 -0.116 -0.1364 -0.1076 -0.1625
-0.0802 0.1625 -0.0886 0.1364 -0.116 0.1364 -0.1076 0.1625
-0.0802 -0.1947 -0.0886 -0.2207 -0.116 -0.2207 -0.1076 -0.1947
-0.0802 0.1947 -0.0886 0.2207 -0.116 0.2207 -0.1076 0.1947
-0.0802 -0.2468 -0.0886 -0.2207 -0.116 -0.2207 -0.1076 -0.2468
-0.0802 0.2468 -0.0886 0.2207 -0.116 0.2207 -0.1076 0.2468
-0.0802 -0.2468 -0.0886 -0.2728 -0.116 -0.2728 -0.1076 -0.2468
-0.0802 0.2468 -0.0886 0.2728 -0.116 0.2728 -0.1076 0.2468
-0.0802 -0.3311 -0.1076 -0.3311 -0.116 -0.3571 -0.0886 -0.3571
-0.0802 0.3311 -0.1076 0.3311 -0.116 0.3571 -0.0886 0.3571
-0.0802 -0.3832 -0.1076 -0.3832 -0.116 -0.3571 -0.0886 -0.3571
-0.0802 0.3832 -0.1076 0.3832 -0.116 0.3571 -0.0886 0.3571
-0.0802 -0.4154 -0.0886 -0.4414 -0.116 -0.4414 -0.1076 -0.4154
-0.0802 0.4154 -0.0886 0.4414 -0.116 0.4414 -0.1076 0.4154
-0.0802 -0.4675 -0.0886 -0.4414 -0.116 -0.4414 -0.1076 -0.4675
-0.0802 0.4675 -0.0886 0.4414 -0.116 0.4414 -0.1076 0.4675
-0.0886 -0.2728 -0.0802 -0.2989 -0.1023 -0.315 -0.1108 -0.2889
-0.0886 0.2728 -0.0802 0.2989 -0.1023 0.315 -0.1108 0.2889
-0.0886 0.0 -0.0802 -0.0261 -0.0717 0.0 -0.0802 0.0261
-0.058 -0.0422 -0.0802 -0.0583 -0.1023 -0.0422 -0.0802 -0.0261
-0.058 0.0422 -0.0802 0.0583 -0.1023 0.0422 -0.0802 0.0261
-0.0886 -0.0843 -0.0802 -0.0583 -0.0717 -0.0843 -0.0802 -0.1104
-0.0886 0.0843 -0.0802 0.0583 -0.0717 0.0843 -0.0802 0.1104
-0.0886 -0.1364 -0.0802 -0.1625 -0.0717 -0.1364 -0.0802 -0.1104
-0.0886 0.1364 -0.0802 0.1625 -0.0717 0.1364 -0.0802 0.1104
-0.058 -0.1786 -0.0802 -0.1947 -0.1023 -0.1786 -0.0802 -0.1625
-0.058 0.1786 -0.0802 0.1947 -0.1023 0.1786 -0.0802 0.1625
-0.0886 -0.2207 -0.0802 -0.1947 -0.0717 -0.2207 -0.0802 -0.2468
-0.0886 0.2207 -0.0802 0.1947 -0.0717 0.2207 -0.0802 0.2468
-0.058 -0.315 -0.0802 -0.2989 -0.1023 -0.315 -0.0802 -0.3311
-0.058 0.315 -0.0802 0.2989 -0.1023 0.315 -0.0802 0.3311
-0.0886 -0.3571 -0.0802 -0.3311 -0.0717 -0.3571 -0.0802 -0.3832
-0.0886 0.3571 -0.0802 0.3311 -0.0717 0.3571 -0.0802 0.3832
-0.058 -0.3993 -0.0802 -0.4154 -0.1023 -0.3993 -0.0802 -0.3832
-0.058 0.3993 -0.0802 0.4154 -0.1023 0.3993 -0.0802 0.3832
-0.0886 -0.4414 -0.0802 -0.4154 -0.0717 -0.4414 -0.0802 -0.4675
-0.0886 0.4414 -0.0802 0.4154 -0.0717 0.4414 -0.0802 0.4675
-0.0802 -0.2468 -0.0886 -0.2728 -0.0665 -0.2889 -0.058 -0.2629
-0.0802 0.2468 -0.0886 0.2728 -0.0665 0.2889 -0.058 0.2629
-0.0802 -0.2989 -0.0886 -0.2728 -0.0665 -0.2889 -0.058 -0.315
-0.0802 0.2989 -0.0886 0.2728 -0.0665 0.2889 -0.058 0.315
-0.058 -0.0422 -0.0496 -0.0161 -0.0717 0.0 -0.0802 -0.0261
-0.058 0.0422 -0.0496 0.0161 -0.0717 0.0 -0.0802 0.0261
-0.058 -0.0422 -0.0802 -0.0583 -0.0717 -0.0843 -0.0496 -0.0682
-0.058 0.0422 -0.0802 0.0583 -0.0717 0.0843 -0.0496 0.0682
-0.058 -0.0943 -0.0802 -0.1104 -0.0717 -0.0843 -0.0496 -0.0682
-0.058 0.0943 -0.0802 0.1104 -0.0717 0.0843 -0.0496 0.0682
-0.058 -0.1265 -0.0802 -0.1104 -0.0717 -0.1364 -0.0496 -0.1525
-0.058 0.1265 -0.0802 0.1104 -0.0717 0.1364 -0.0496 0.1525
-0.058 -0.1786 -0.0496 -0.1525 -0.0717 -0.1364 -0.0802 -0.1625
-0.058 0.1786 -0.0496 0.1525 -0.0717 0.1364 -0.0802 0.1625
-0.058 -0.1786 -0.0496 -0.2046 -0.0717 -0.2207 -0.0802 -0.1947
-0.058 0.1786 -0.0496 0.2046 -0.0717 0.2207 -0.0802 0.1947
-0.058 -0.2307 -0.0496 -0.2046 -0.0717 -0.2207 -0.0802 -0.2468
-0.058 0.2307 -0.0496 0.2046 -0.0717 0.2207 -0.0802 0.2468
-0.058 -0.315 -0.0496 -0.341 -0.0717 -0.3571 -0.0802 -0.3311
-0.058 0.315 -0.0496 0.341 -0.0717 0.3571 -0.0802 0.3311
-0.058 -0.3993 -0.0496 -0.3732 -0.0717 -0.3571 -0.0802 -0.3832
-0.058 0.3993 -0.0496 0.3732 -0.0717 0.3571 -0.0802 0.3832
-0.058 -0.3993 -0.0802 -0.4154 -0.0717 -0.4414 -0.0496 -0.4253
-0.058 0.3993 -0.0802 0.4154 -0.0717 0.4414 -0.0496 0.4253
-0.058 -0.4514 -0.0802 -0.4675 -0.0717 -0.4414 -0.0496 -0.4253
-0.058 0.4514 -0.0802 0.4675 -0.0717 0.4414 -0.0496 0.4253
-0.0802 -0.1104 -0.058 -0.0943 -0.0359 -0.1104 -0.058 -0.1265
-0.0802 0.1104 -0.058 0.0943 -0.0359 0.1104 -0.058 0.1265
-0.0802 -0.2468 -0.058 -0.2307 -0.0359 -0.2468 -0.058 -0.2629
-0.0802 0.2468 -0.058 0.2307 -0.0359 0.2468 -0.058 0.2629
-0.0496 -0.2889 -0.058 -0.315 -0.0665 -0.2889 -0.058 -0.2629
-0.0496 0.2889 -0.058 0.315 -0.0665 0.2889 -0.058 0.2629
-0.0802 -0.4675 -0.058 -0.4514 -0.0359 -0.4675 -0.058 -0.4836
-0.0802 0.4675 -0.058 0.4514 -0.0359 0.4675 -0.058 0.4836
-0.0274 0.0 -0.0496 -0.0161 -0.0717 0.0 -0.0496 0.0161
-0.0274 -0.3571 -0.0496 -0.341 -0.0717 -0.3571 -0.0496 -0.3732
-0.0274 0.3571 -0.0496 0.341 -0.0717 0.3571 -0.0496 0.3732
-0.0496 -0.0161 -0.0274 0.0 -0.0359 -0.0261 -0.058 -0.0422
-0.0496 0.0161 -0.0274 0.0 -0.0359 0.0261 -0.058 0.0422
-0.0496 -0.0682 -0.058 -0.0943 -0.0359 -0.1104 -0.0274 -0.0843
-0.0496 0.0682 -0.058 0.0943 -0.0359 0.1104 -0.0274 0.0843
-0.0496 -0.1525 -0.0274 -0.1364 -0.0359 -0.1104 -0.058 -0.1265
-0.0496 0.1525 -0.0274 0.1364 -0.0359 0.1104 -0.058 0.1265
-0.0496 -0.2046 -0.058 -0.2307 -0.0359 -0.2468 -0.0274 -0.2207
-0.0496 0.2046 -0.058 0.2307 -0.0359 0.2468 -0.0274 0.2207
-0.0496 -0.341 -0.0274 -0.3571 -0.0359 -0.3311 -0.058 -0.315
-0.0496 0.341 -0.0274 0.3571 -0.0359 0.3311 -0.058 0.315
-0.0496 -0.3732 -0.0274 -0.3571 -0.0359 -0.3832 -0.058 -0.3993
-0.0496 0.3732 -0.0274 0.3571 -0.0359 0.3832 -0.058 0.3993
-0.0496 -0.4253 -0.058 -0.4514 -0.0359 -0.4675 -0.0274 -0.4414
-0.0496 0.4253 -0.058 0.4514 -0.0359 0.4675 -0.0274 0.4414
-0.058 -0.0422 -0.0306 -0.0422 -0.0222 -0.0682 -0.0496 -0.0682
-0.058 0.0422 -0.0306 0.0422 -0.0222 0.0682 -0.0496 0.0682
-0.058 -0.1786 -0.0496 -0.1525 -0.0222 -0.1525 -0.0306 -0.1786
-0.058 0.1786 -0.0496 0.1525 -0.0222 0.1525 -0.0306 0.1786
-0.058 -0.1786 -0.0496 -0.2046 -0.0222 -0.2046 -0.0306 -0.1786
-0.058 0.1786 -0.0496 0.2046 -0.0222 0.2046 -0.0306 0.1786
-0.058 -0.2629 -0.0496 -0.2889 -0.0222 -0.2889 -0.0306 -0.2629
-0.058 0.2629 -0.0496 0.2889 -0.0222 0.2889 -0.0306 0.2629
-0.058 -0.315 -0.0496 -0.2889 -0.0222 -0.2889 -0.0306 -0.315
-0.058 0.315 -0.0496 0.2889 -0.0222 0.2889 -0.0306 0.315
-0.058 -0.3993 -0.0306 -0.3993 -0.0222 -0.4253 -0.0496 -0.4253
-0.058 0.3993 -0.0306 0.3993 -0.0222 0.4253 -0.0496 0.4253
-0.0306 -0.0422 -0.0085 -0.0261 -0.0359 -0.0261 -0.058 -0.0422
-0.0306 0.0422 -0.0085 0.0261 -0.0359 0.0261 -0.058 0.0422
-0.0306 -0.2629 -0.058 -0.2629 -0.0359 -0.2468 -0.0085 -0.2468
-0.0306 0.2629 -0.058 0.2629 -0.0359 0.2468 -0.0085 0.2468
-0.0306 -0.315 -0.058 -0.315 -0.0359 -0.3311 -0.0085 -0.3311
-0.0306 0.315 -0.058 0.315 -0.0359 0.3311 -0.0085 0.3311
-0.0306 -0.3993 -0.0085 -0.3832 -0.0359 -0.3832 -0.058 -0.3993
-0.0306 0.3993 -0.0085 0.3832 -0.0359 0.3832 -0.058 0.3993
-0.0274 -0.0843 0.0 -0.0843 -0.0222 -0.0682 -0.0496 -0.0682
-0.0274 0.0843 0.0 0.0843 -0.0222 0.0682 -0.0496 0.0682
-0.0274 -0.1364 0.0 -0.1364 -0.0222 -0.1525 -0.0496 -0.1525
-0.0274 0.1364 0.0 0.1364 -0.0222 0.1525 -0.0496 0.1525
-0.0274 -0.2207 -0.0496 -0.2046 -0.0222 -0.2046 0.0 -0.2207
-0.0274 0.2207 -0.0496 0.2046 -0.0222 0.2046 0.0 0.2207
-0.0274 -0.4414 0.0 -0.4414 -0.0222 -0.4253 -0.0496 -0.4253
-0.0274 0.4414 0.0 0.4414 -0.0222 0.4253 -0.0496 0.4253
0.0 0.0 -0.0085 -0.0261 -0.0359 -0.0261 -0.0274 0.0
0.0 0.0 -0.0085 0.0261 -0.0359 0.0261 -0.0274 0.0
0.0 -0.0843 -0.0085 -0.1104 -0.0359 -0.1104 -0.0274 -0.0843
0.0 0.0843 -0.0085 0.1104 -0.0359 0.1104 -0.0274 0.0843
0.0 -0.1364 -0.0085 -0.1104 -0.0359 -0.1104 -0.0274 -0.1364
0.0 0.1364 -0.0085 0.1104 -0.0359 0.1104 -0.0274 0.1364
0.0 -0.2207 -0.0274 -0.2207 -0.0359 -0.2468 -0.0085 -0.2468
0.0 0.2207 -0.0274 0.2207 -0.0359 0.2468 -0.0085 0.2468
0.0 -0.3571 -0.0085 -0.3311 -0.0359 -0.3311 -0.0274 -0.3571
0.0 0.3571 -0.0085 0.3311 -0.0359 0.3311 -0.0274 0.3571
0.0 -0.3571 -0.0085 -0.3832 -0.0359 -0.3832 -0.0274 -0.3571
0.0 0.3571 -0.0085 0.3832 -0.0359 0.3832 -0.0274 0.3571
0.0 -0.4414 -0.0085 -0.4675 -0.0359 -0.4675 -0.0274 -0.4414
0.0 0.4414 -0.0085 0.4675 -0.0359 0.4675 -0.0274 0.4414
-0.0085 -0.0261 0.0 -0.0521 -0.0222 -0.0682 -0.0306 -0.0422
-0.0085 0.0261 0.0 0.0521 -0.0222 0.0682 -0.0306 0.0422
-0.0085 -0.1625 -0.0306 -0.1786 -0.0222 -0.1525 0.0 -0.1364
-0.0085 0.1625 -0.0306 0.1786 -0.0222 0.1525 0.0 0.1364
-0.0085 -0.1947 -0.0306 -0.1786 -0.0222 -0.2046 0.0 -0.2207
-0.0085 0.1947 -0.0306 0.1786 -0.0222 0.2046 0.0 0.2207
-0.0085 -0.2468 0.0 -0.2728 -0.0222 -0.2889 -0.0306 -0.2629
-0.0085 0.2468 0.0 0.2728 -0.0222 0.2889 -0.0306 0.2629
-0.0085 -0.3311 -0.0306 -0.315 -0.0222 -0.2889 0.0 -0.305
-0.0085 0.3311 -0.0306 0.315 -0.0222 0.2889 0.0 0.305
-0.0085 -0.3832 0.0 -0.4092 -0.0222 -0.4253 -0.0306 -0.3993
-0.0085 0.3832 0.0 0.4092 -0.0222 0.4253 -0.0306 0.3993
-0.0306 -0.1786 -0.0085 -0.1625 0.0137 -0.1786 -0.0085 -0.1947
-0.0306 0.1786 -0.0085 0.1625 0.0137 0.1786 -0.0085 0.1947
0.0222 -0.0682 0.0 -0.0521 -0.0222 -0.0682 0.0 -0.0843
0.0222 0.0682 0.0 0.0521 -0.0222 0.0682 0.0 0.0843
-0.0085 -0.1104 0.0 -0.1364 0.0085 -0.1104 0.0 -0.0843
-0.0085 0.1104 0.0 0.1364 0.0085 0.1104 0.0 0.0843
0.0222 -0.2889 0.0 -0.305 -0.0222 -0.2889 0.0 -0.2728
0.0222 0.2889 0.0 0.305 -0.0222 0.2889 0.0 0.2728
0.0222 -0.4253 0.0 -0.4092 -0.0222 -0.4253 0.0 -0.4414
0.0222 0.4253 0.0 0.4092 -0.0222 0.4253 0.0 0.4414
-0.0085 -0.4675 0.0 -0.4414 0.0085 -0.4675 0.0 -0.4935
-0.0085 0.4675 0.0 0.4414 0.0085 0.4675 0.0 0.4935
0.0 0.0 0.0222 -0.0161 0.0137 -0.0422 -0.0085 -0.0261
0.0 0.0 0.0222 0.0161 0.0137 0.0422 -0.0085 0.0261
0.0 -0.0521 -0.0085 -0.0261 0.0137 -0.0422 0.0222 -0.0682
0.0 0.0521 -0.0085 0.0261 0.0137 0.0422 0.0222 0.0682
0.0 -0.1364 -0.0085 -0.1625 0.0137 -0.1786 0.0222 -0.1525
0.0 0.1364 -0.0085 0.1625 0.0137 0.1786 0.0222 0.1525
0.0 -0.2207 -0.0085 -0.1947 0.0137 -0.1786 0.0222 -0.2046
0.0 0.2207 -0.0085 0.1947 0.0137 0.1786 0.0222 0.2046
0.0 -0.2207 0.0222 -0.2368 0.0137 -0.2629 -0.0085 -0.2468
0.0 0.2207 0.0222 0.2368 0.0137 0.2629 -0.0085 0.2468
0.0 -0.2728 0.0222 -0.2889 0.0137 -0.2629 -0.0085 -0.2468
0.0 0.2728 0.0222 0.2889 0.0137 0.2629 -0.0085 0.2468
0.0 -0.305 0.0222 -0.2889 0.0137 -0.315 -0.0085 -0.3311
0.0 0.305 0.0222 0.2889 0.0137 0.315 -0.0085 0.3311
0.0 -0.3571 -0.0085 -0.3311 0.0137 -0.315 0.0222 -0.341
0.0 0.3571 -0.0085 0.3311 0.0137 0.315 0.0222 0.341
0.0 -0.3571 0.0222 -0.3732 0.0137 -0.3993 -0.0085 -0.3832
0.0 0.3571 0.0222 0.3732 0.0137 0.3993 -0.0085 0.3832
0.0 -0.4092 -0.0085 -0.3832 0.0137 -0.3993 0.0222 -0.4253
0.0 0.4092 -0.0085 0.3832 0.0137 0.3993 0.0222 0.4253
0.0222 -0.0682 0.0306 -0.0943 0.0085 -0.1104 0.0 -0.0843
0.0222 0.0682 0.0306 0.0943 0.0085 0.1104 0.0 0.0843
0.0222 -0.1203 0.0306 -0.0943 0.0085 -0.1104 0.0 -0.1364
0.0222 0.1203 0.0306 0.0943 0.0085 0.1104 0.0 0.1364
0.0222 -0.4253 0.0306 -0.4514 0.0085 -0.4675 0.0 -0.4414
0.0222 0.4253 0.0306 0.4514 0.0085 0.4675 0.0 0.4414
0.0 0.0 0.0222 -0.0161 0.0443 0.0 0.0222 0.0161
0.0306 -0.0422 0.0222 -0.0161 0.0137 -0.0422 0.0222 -0.0682
0.0306 0.0422 0.0222 0.0161 0.0137 0.0422 0.0222 0.0682
0.0 -0.1364 0.0222 -0.1203 0.0443 -0.1364 0.0222 -0.1525
0.0 0.1364 0.0222 0.1203 0.0443 0.1364 0.0222 0.1525
0.0306 -0.1786 0.0222 -0.1525 0.0137 -0.1786 0.0222 -0.2046
0.0306 0.1786 0.0222 0.1525 0.0137 0.1786 0.0222 0.2046
0.0 -0.2207 0.0222 -0.2368 0.0443 -0.2207 0.0222 -0.2046
0.0 0.2207 0.0222 0.2368 0.0443 0.2207 0.0222 0.2046
0.0306 -0.2629 0.0222 -0.2368 0.0137 -0.2629 0.0222 -0.2889
0.0306 0.2629 0.0222 0.2368 0.0137 0.2629 0.0222 0.2889
0.0306 -0.315 0.0222 -0.341 0.0137 -0.315 0.0222 -0.2889
0.0306 0.315 0.0222 0.341 0.0137 0.315 0.0222 0.2889
0.0 -0.3571 0.0222 -0.3732 0.0443 -0.3571 0.0222 -0.341
0.0 0.3571 0.0222 0.3732 0.0443 0.3571 0.0222 0.341
0.0306 -0.3993 0.0222 -0.4253 0.0137 -0.3993 0.0222 -0.3732
0.0306 0.3993 0.0222 0.4253 0.0137 0.3993 0.0222 0.3732
0.0528 -0.4675 0.0306 -0.4514 0.0085 -0.4675 0.0306 -0.4836
0.0528 0.4675 0.0306 0.4514 0.0085 0.4675 0.0306 0.4836
0.0306 -0.0943 0.0528 -0.1104 0.0443 -0.1364 0.0222 -0.1203
0.0306 0.0943 0.0528 0.1104 0.0443 0.1364 0.0222 0.1203
0.0306 -0.4514 0.0528 -0.4675 0.0443 -0.4414 0.0222 -0.4253
0.0306 0.4514 0.0528 0.4675 0.0443 0.4414 0.0222 0.4253
0.0222 -0.0161 0.0496 -0.0161 0.058 -0.0422 0.0306 -0.0422
0.0222 0.0161 0.0496 0.0161 0.058 0.0422 0.0306 0.0422
0.0222 -0.0682 0.0306 -0.0422 0.058 -0.0422 0.0496 -0.0682
0.0222 0.0682 0.0306 0.0422 0.058 0.0422 0.0496 0.0682
0.0222 -0.0682 0.0306 -0.0943 0.058 -0.0943 0.0496 -0.0682
0.0222 0.0682 0.0306 0.0943 0.058 0.0943 0.0496 0.0682
0.0222 -0.1525 0.0496 -0.1525 0.058 -0.1786 0.0306 -0.1786
0.0222 0.1525 0.0496 0.1525 0.058 0.1786 0.0306 0.1786
0.0222 -0.2046 0.0496 -0.2046 0.058 -0.1786 0.0306 -0.1786
0.0222 0.2046 0.0496 0.2046 0.058 0.1786 0.0306 0.1786
0.0222 -0.2368 0.0306 -0.2629 0.058 -0.2629 0.0496 -0.2368
0.0222 0.2368 0.0306 0.2629 0.058 0.2629 0.0496 0.2368
0.0222 -0.2889 0.0306 -0.2629 0.058 -0.2629 0.0496 -0.2889
0.0222 0.2889 0.0306 0.2629 0.058 0.2629 0.0496 0.2889
0.0222 -0.2889 0.0306 -0.315 0.058 -0.315 0.0496 -0.2889
0.0222 0.2889 0.0306 0.315 0.058 0.315 0.0496 0.2889
0.0222 -0.341 0.0496 -0.341 0.058 -0.315 0.0306 -0.315
0.0222 0.341 0.0496 0.341 0.058 0.315 0.0306 0.315
0.0222 -0.3732 0.0496 -0.3732 0.058 -0.3993 0.0306 -0.3993
0.0222 0.3732 0.0496 0.3732 0.058 0.3993 0.0306 0.3993
0.0222 -0.4253 0.0496 -0.4253 0.058 -0.3993 0.0306 -0.3993
0.0222 0.4253 0.0496 0.4253 0.058 0.3993 0.0306 0.3993
0.0496 -0.0161 0.0222 -0.0161 0.0443 0.0 0.0717 0.0
0.0496 0.0161 0.0222 0.0161 0.0443 0.0 0.0717 0.0
0.0496 -0.1525 0.0717 -0.1364 0.0443 -0.1364 0.0222 -0.1525
0.0496 0.1525 0.0717 0.1364 0.0443 0.1364 0.0222 0.1525
0.0496 -0.2046 0.0717 -0.2207 0.0443 -0.2207 0.0222 -0.2046
0.0496 0.2046 0.0717 0.2207 0.0443 0.2207 0.0222 0.2046
0.0496 -0.2368 0.0222 -0.2368 0.0443 -0.2207 0.0717 -0.2207
0.0496 0.2368 0.0222 0.2368 0.0443 0.2207 0.0717 0.2207
0.0496 -0.341 0.0222 -0.341 0.0443 -0.3571 0.0717 -0.3571
0.0496 0.341 0.0222 0.341 0.0443 0.3571 0.0717 0.3571
0.0496 -0.3732 0.0717 -0.3571 0.0443 -0.3571 0.0222 -0.3732
0.0496 0.3732 0.0717 0.3571 0.0443 0.3571 0.0222 0.3732
0.0496 -0.4253 0.0222 -0.4253 0.0443 -0.4414 0.0717 -0.4414
0.0496 0.4253 0.0222 0.4253 0.0443 0.4414 0.0717 0.4414
0.0528 -0.1104 0.0306 -0.0943 0.058 -0.0943 0.0802 -0.1104
0.0528 0.1104 0.0306 0.0943 0.058 0.0943 0.0802 0.1104
0.0802 -0.1104 0.0528 -0.1104 0.0443 -0.1364 0.0717 -0.1364
0.0802 0.1104 0.0528 0.1104 0.0443 0.1364 0.0717 0.1364
0.0802 -0.4675 0.0528 -0.4675 0.0443 -0.4414 0.0717 -0.4414
0.0802 0.4675 0.0528 0.4675 0.0443 0.4414 0.0717 0.4414
0.0717 0.0 0.0496 -0.0161 0.058 -0.0422 0.0802 -0.0261
0.0717 0.0 0.0496 0.0161 0.058 0.0422 0.0802 0.0261
0.0717 -0.0521 0.0802 -0.0261 0.058 -0.0422 0.0496 -0.0682
0.0717 0.0521 0.0802 0.0261 0.058 0.0422 0.0496 0.0682
0.0717 -0.0843 0.0802 -0.1104 0.058 -0.0943 0.0496 -0.0682
0.0717 0.0843 0.0802 0.1104 0.058 0.0943 0.0496 0.0682
0.0717 -0.1364 0.0496 -0.1525 0.058 -0.1786 0.0802 -0.1625
0.0717 0.1364 0.0496 0.1525 0.058 0.1786 0.0802 0.1625
0.0717 -0.2207 0.0802 -0.1947 0.058 -0.1786 0.0496 -0.2046
0.0717 0.2207 0.0802 0.1947 0.058 0.1786 0.0496 0.2046
0.0717 -0.2207 0.0496 -0.2368 0.058 -0.2629 0.0802 -0.2468
0.0717 0.2207 0.0496 0.2368 0.058 0.2629 0.0802 0.2468
0.0717 -0.2728 0.0496 -0.2889 0.058 -0.2629 0.0802 -0.2468
0.0717 0.2728 0.0496 0.2889 0.058 0.2629 0.0802 0.2468
0.0717 -0.305 0.0802 -0.3311 0.058 -0.315 0.0496 -0.2889
0.0717 0.305 0.0802 0.3311 0.058 0.315 0.0496 0.2889
0.0717 -0.3571 0.0496 -0.341 0.058 -0.315 0.0802 -0.3311
0.0717 0.3571 0.0496 0.341 0.058 0.315 0.0802 0.3311
0.0717 -0.3571 0.0496 -0.3732 0.058 -0.3993 0.0802 -0.3832
0.0717 0.3571 0.0496 0.3732 0.058 0.3993 0.0802 0.3832
0.0717 -0.4414 0.0496 -0.4253 0.058 -0.3993 0.0802 -0.4154
0.0717 0.4414 0.0496 0.4253 0.058 0.3993 0.0802 0.4154
0.0496 -0.0682 0.0717 -0.0843 0.0939 -0.0682 0.0717 -0.0521
0.0496 0.0682 0.0717 0.0843 0.0939 0.0682 0.0717 0.0521
0.0496 -0.2889 0.0717 -0.305 0.0939 -0.2889 0.0717 -0.2728
0.0496 0.2889 0.0717 0.305 0.0939 0.2889 0.0717 0.2728
0.1023 -0.1786 0.0802 -0.1947 0.058 -0.1786 0.0802 -0.1625
0.1023 0.1786 0.0802 0.1947 0.058 0.1786 0.0802 0.1625
0.1023 -0.3993 0.0802 -0.3832 0.058 -0.3993 0.0802 -0.4154
0.1023 0.3993 0.0802 0.3832 0.058 0.3993 0.0802 0.4154
0.0802 -0.0261 0.1023 -0.0422 0.0939 -0.0682 0.0717 -0.0521
0.0802 0.0261 0.1023 0.0422 0.0939 0.0682 0.0717 0.0521
0.0802 -0.1104 0.0717 -0.0843 0.0939 -0.0682 0.1023 -0.0943
0.0802 0.1104 0.0717 0.0843 0.0939 0.0682 0.1023 0.0943
0.0802 -0.1104 0.1023 -0.1265 0.0939 -0.1525 0.0717 -0.1364
0.0802 0.1104 0.1023 0.1265 0.0939 0.1525 0.0717 0.1364
0.0802 -0.1625 0.0717 -0.1364 0.0939 -0.1525 0.1023 -0.1786
0.0802 0.1625 0.0717 0.1364 0.0939 0.1525 0.1023 0.1786
0.0802 -0.1947 0.0717 -0.2207 0.0939 -0.2046 0.1023 -0.1786
0.0802 0.1947 0.0717 0.2207 0.0939 0.2046 0.1023 0.1786
0.0802 -0.2468 0.1023 -0.2629 0.0939 -0.2889 0.0717 -0.2728
0.0802 0.2468 0.1023 0.2629 0.0939 0.2889 0.0717 0.2728
0.0802 -0.3311 0.0717 -0.305 0.0939 -0.2889 0.1023 -0.315
0.0802 0.3311 0.0717 0.305 0.0939 0.2889 0.1023 0.315
0.0802 -0.3832 0.0717 -0.3571 0.0939 -0.3732 0.1023 -0.3993
0.0802 0.3832 0.0717 0.3571 0.0939 0.3732 0.1023 0.3993
0.0802 -0.4154 0.1023 -0.3993 0.0939 -0.4253 0.0717 -0.4414
0.0802 0.4154 0.1023 0.3993 0.0939 0.4253 0.0717 0.4414
0.0802 -0.4675 0.1023 -0.4514 0.0939 -0.4253 0.0717 -0.4414
0.0802 0.4675 0.1023 0.4514 0.0939 0.4253 0.0717 0.4414
0.0717 0.0 0.0991 0.0 0.1076 -0.0261 0.0802 -0.0261
0.0717 0.0 0.0991 0.0 0.1076 0.0261 0.0802 0.0261
0.0717 -0.2207 0.0991 -0.2207 0.1076 -0.2468 0.0802 -0.2468
0.0717 0.2207 0.0991 0.2207 0.1076 0.2468 0.0802 0.2468
0.0717 -0.3571 0.0991 -0.3571 0.1076 -0.3311 0.0802 -0.3311
0.0717 0.3571 0.0991 0.3571 0.1076 0.3311 0.0802 0.3311
0.0991 -0.2207 0.1213 -0.2046 0.0939 -0.2046 0.0717 -0.2207
0.0991 0.2207 0.1213 0.2046 0.0939 0.2046 0.0717 0.2207
0.0991 -0.3571 0.1213 -0.3732 0.0939 -0.3732 0.0717 -0.3571
0.0991 0.3571 0.1213 0.3732 0.0939 0.3732 0.0717 0.3571
0.1023 -0.0422 0.1297 -0.0422 0.1076 -0.0261 0.0802 -0.0261
0.1023 0.0422 0.1297 0.0422 0.1076 0.0261 0.0802 0.0261
0.1023 -0.0943 0.0802 -0.1104 0.1076 -0.1104 0.1297 -0.0943
0.1023 0.0943 0.0802 0.1104 0.1076 0.1104 0.1297 0.0943
0.1023 -0.1265 0.1297 -0.1265 0.1076 -0.1104 0.0802 -0.1104
0.1023 0.1265 0.1297 0.1265 0.1076 0.1104 0.0802 0.1104
0.1023 -0.2629 0.1297 -0.2629 0.1076 -0.2468 0.0802 -0.2468
0.1023 0.2629 0.1297 0.2629 0.1076 0.2468 0.0802 0.2468
0.1023 -0.315 0.1297 -0.315 0.1076 -0.3311 0.0802 -0.3311
0.1023 0.315 0.1297 0.315 0.1076 0.3311 0.0802 0.3311
0.1023 -0.4514 0.1297 -0.4514 0.1076 -0.4675 0.0802 -0.4675
0.1023 0.4514 0.1297 0.4514 0.1076 0.4675 0.0802 0.4675
0.1297 -0.0422 0.1023 -0.0422 0.0939 -0.0682 0.1213 -0.0682
0.1297 0.0422 0.1023 0.0422 0.0939 0.0682 0.1213 0.0682
0.1297 -0.0943 0.1213 -0.0682 0.0939 -0.0682 0.1023 -0.0943
0.1297 0.0943 0.1213 0.0682 0.0939 0.0682 0.1023 0.0943
0.1297 -0.1265 0.1023 -0.1265 0.0939 -0.1525 0.1213 -0.1525
0.1297 0.1265 0.1023 0.1265 0.0939 0.1525 0.1213 0.1525
0.1297 -0.1786 0.1213 -0.1525 0.0939 -0.1525 0.1023 -0.1786
0.1297 0.1786 0.1213 0.1525 0.0939 0.1525 0.1023 0.1786
0.1297 -0.1786 0.1213 -0.2046 0.0939 -0.2046 0.1023 -0.1786
0.1297 0.1786 0.1213 0.2046 0.0939 0.2046 0.1023 0.1786
0.1297 -0.2629 0.1213 -0.2889 0.0939 -0.2889 0.1023 -0.2629
0.1297 0.2629 0.1213 0.2889 0.0939 0.2889 0.1023 0.2629
0.1297 -0.315 0.1213 -0.2889 0.0939 -0.2889 0.1023 -0.315
0.1297 0.315 0.1213 0.2889 0.0939 0.2889 0.1023 0.315
0.1297 -0.3993 0.1213 -0.3732 0.0939 -0.3732 0.1023 -0.3993
0.1297 0.3993 0.1213 0.3732 0.0939 0.3732 0.1023 0.3993
0.1297 -0.3993 0.1213 -0.4253 0.0939 -0.4253 0.1023 -0.3993
0.1297 0.3993 0.1213 0.4253 0.0939 0.4253 0.1023 0.3993
0.1297 -0.4514 0.1213 -0.4253 0.0939 -0.4253 0.1023 -0.4514
0.1297 0.4514 0.1213 0.4253 0.0939 0.4253 0.1023 0.4514
0.1213 -0.0161 0.0991 0.0 0.1076 -0.0261 0.1297 -0.0422
0.1213 0.0161 0.0991 0.0 0.1076 0.0261 0.1297 0.0422
0.1213 -0.2046 0.1297 -0.2307 0.1076 -0.2468 0.0991 -0.2207
0.1213 0.2046 0.1297 0.2307 0.1076 0.2468 0.0991 0.2207
0.1213 -0.3732 0.1297 -0.3472 0.1076 -0.3311 0.0991 -0.3571
0.1213 0.3732 0.1297 0.3472 0.1076 0.3311 0.0991 0.3571
0.0991 0.0 0.1213 -0.0161 0.1434 0.0 0.1213 0.0161
0.1213 -0.0682 0.1297 -0.0422 0.1382 -0.0682 0.1297 -0.0943
0.1213 0.0682 0.1297 0.0422 0.1382 0.0682 0.1297 0.0943
0.1519 -0.1104 0.1297 -0.0943 0.1076 -0.1104 0.1297 -0.1265
0.1519 0.1104 0.1297 0.0943 0.1076 0.1104 0.1297 0.1265
0.1213 -0.1525 0.1297 -0.1265 0.1382 -0.1525 0.1297 -0.1786
0.1213 0.1525 0.1297 0.1265 0.1382 0.1525 0.1297 0.1786
0.1519 -0.2468 0.1297 -0.2307 0.1076 -0.2468 0.1297 -0.2629
0.1519 0.2468 0.1297 0.2307 0.1076 0.2468 0.1297 0.2629
0.1213 -0.2889 0.1297 -0.315 0.1382 -0.2889 0.1297 -0.2629
0.1213 0.2889 0.1297 0.315 0.1382 0.2889 0.1297 0.2629
0.1519 -0.3311 0.1297 -0.3472 0.1076 -0.3311 0.1297 -0.315
0.1519 0.3311 0.1297 0.3472 0.1076 0.3311 0.1297 0.315
0.1213 -0.4253 0.1297 -0.4514 0.1382 -0.4253 0.1297 -0.3993
0.1213 0.4253 0.1297 0.4514 0.1382 0.4253 0.1297 0.3993
0.1519 -0.4675 0.1297 -0.4514 0.1076 -0.4675 0.1297 -0.4836
0.1519 0.4675 0.1297 0.4514 0.1076 0.4675 0.1297 0.4836
0.1297 -0.0422 0.1213 -0.0161 0.1434 0.0 0.1519 -0.0261
0.1297 0.0422 0.1213 0.0161 0.1434 0.0 0.1519 0.0261
0.1297 -0.1786 0.1213 -0.2046 0.1434 -0.2207 0.1519 -0.1947
0.1297 0.1786 0.1213 0.2046 0.1434 0.2207 0.1519 0.1947
0.1297 -0.2307 0.1213 -0.2046 0.1434 -0.2207 0.1519 -0.2468
0.1297 0.2307 0.1213 0.2046 0.1434 0.2207 0.1519 0.2468
0.1297 -0.3472 0.1213 -0.3732 0.1434 -0.3571 0.1519 -0.3311
0.1297 0.3472 0.1213 0.3732 0.1434 0.3571 0.1519 0.3311
0.1297 -0.3993 0.1213 -0.3732 0.1434 -0.3571 0.1519 -0.3832
0.1297 0.3993 0.1213 0.3732 0.1434 0.3571 0.1519 0.3832
0.1519 -0.0583 0.1604 -0.0843 0.1382 -0.0682 0.1297 -0.0422
0.1519 0.0583 0.1604 0.0843 0.1382 0.0682 0.1297 0.0422
0.1519 -0.1104 0.1297 -0.0943 0.1382 -0.0682 0.1604 -0.0843
0.1519 0.1104 0.1297 0.0943 0.1382 0.0682 0.1604 0.0843
0.1519 -0.1104 0.1604 -0.1364 0.1382 -0.1525 0.1297 -0.1265
0.1519 0.1104 0.1604 0.1364 0.1382 0.1525 0.1297 0.1265
0.1519 -0.1625 0.1604 -0.1364 0.1382 -0.1525 0.1297 -0.1786
0.1519 0.1625 0.1604 0.1364 0.1382 0.1525 0.1297 0.1786
0.1519 -0.2468 0.1604 -0.2728 0.1382 -0.2889 0.1297 -0.2629
0.1519 0.2468 0.1604 0.2728 0.1382 0.2889 0.1297 0.2629
0.1519 -0.3311 0.1604 -0.305 0.1382 -0.2889 0.1297 -0.315
0.1519 0.3311 0.1604 0.305 0.1382 0.2889 0.1297 0.315
0.1519 -0.4154 0.1604 -0.4414 0.1382 -0.4253 0.1297 -0.3993
0.1519 0.4154 0.1604 0.4414 0.1382 0.4253 0.1297 0.3993
0.1519 -0.4675 0.1604 -0.4414 0.1382 -0.4253 0.1297 -0.4514
0.1519 0.4675 0.1604 0.4414 0.1382 0.4253 0.1297 0.4514
0.1604 0.0 0.1519 -0.0261 0.1434 0.0 0.1519 0.0261
0.1297 -0.0422 0.1519 -0.0583 0.1741 -0.0422 0.1519 -0.0261
0.1297 0.0422 0.1519 0.0583 0.1741 0.0422 0.1519 0.0261
0.1297 -0.1786 0.1519 -0.1625 0.1741 -0.1786 0.1519 -0.1947
0.1297 0.1786 0.1519 0.1625 0.1741 0.1786 0.1519 0.1947
0.1604 -0.2207 0.1519 -0.2468 0.1434 -0.2207 0.1519 -0.1947
0.1604 0.2207 0.1519 0.2468 0.1434 0.2207 0.1519 0.1947
0.1604 -0.3571 0.1519 -0.3311 0.1434 -0.3571 0.1519 -0.3832
0.1604 0.3571 0.1519 0.3311 0.1434 0.3571 0.1519 0.3832
0.1297 -0.3993 0.1519 -0.4154 0.1741 -0.3993 0.1519 -0.3832
0.1297 0.3993 0.1519 0.4154 0.1741 0.3993 0.1519 0.3832
0.1825 -0.2889 0.1604 -0.305 0.1382 -0.2889 0.1604 -0.2728
0.1825 0.2889 0.1604 0.305 0.1382 0.2889 0.1604 0.2728
0.1604 -0.0843 0.1519 -0.0583 0.1741 -0.0422 0.1825 -0.0682
0.1604 0.0843 0.1519 0.0583 0.1741 0.0422 0.1825 0.0682
0.1604 -0.1364 0.1825 -0.1525 0.1741 -0.1786 0.1519 -0.1625
0.1604 0.1364 0.1825 0.1525 0.1741 0.1786 0.1519 0.1625
0.1604 -0.2728 0.1825 -0.2889 0.1741 -0.2629 0.1519 -0.2468
0.1604 0.2728 0.1825 0.2889 0.1741 0.2629 0.1519 0.2468
0.1604 -0.305 0.1825 -0.2889 0.1741 -0.315 0.1519 -0.3311
0.1604 0.305 0.1825 0.2889 0.1741 0.315 0.1519 0.3311
0.1604 -0.4414 0.1519 -0.4154 0.1741 -0.3993 0.1825 -0.4253
0.1604 0.4414 0.1519 0.4154 0.1741 0.3993 0.1825 0.4253
0.1519 -0.0261 0.1604 0.0 0.1877 0.0 0.1793 -0.0261
0.1519 0.0261 0.1604 0.0 0.1877 0.0 0.1793 0.0261
0.1519 -0.1104 0.1793 -0.1104 0.1877 -0.0843 0.1604 -0.0843
0.1519 0.1104 0.1793 0.1104 0.1877 0.0843 0.1604 0.0843
0.1519 -0.1104 0.1793 -0.1104 0.1877 -0.1364 0.1604 -0.1364
0.1519 0.1104 0.1793 0.1104 0.1877 0.1364 0.1604 0.1364
0.1519 -0.1947 0.1604 -0.2207 0.1877 -0.2207 0.1793 -0.1947
0.1519 0.1947 0.1604 0.2207 0.1877 0.2207 0.1793 0.1947
0.1519 -0.2468 0.1793 -0.2468 0.1877 -0.2207 0.1604 -0.2207
0.1519 0.2468 0.1793 0.2468 0.1877 0.2207 0.1604 0.2207
0.1519 -0.3311 0.1793 -0.3311 0.1877 -0.3571 0.1604 -0.3571
0.1519 0.3311 0.1793 0.3311 0.1877 0.3571 0.1604 0.3571
0.1519 -0.3832 0.1604 -0.3571 0.1877 -0.3571 0.1793 -0.3832
0.1519 0.3832 0.1604 0.3571 0.1877 0.3571 0.1793 0.3832
0.1519 -0.4675 0.1604 -0.4414 0.1877 -0.4414 0.1793 -0.4675
0.1519 0.4675 0.1604 0.4414 0.1877 0.4414 0.1793 0.4675
0.1793 -0.0261 0.1519 -0.0261 0.1741 -0.0422 0.2014 -0.0422
0.1793 0.0261 0.1519 0.0261 0.1741 0.0422 0.2014 0.0422
0.1793 -0.1947 0.2014 -0.1786 0.1741 -0.1786 0.1519 -0.1947
0.1793 0.1947 0.2014 0.1786 0.1741 0.1786 0.1519 0.1947
0.1793 -0.2468 0.1519 -0.2468 0.1741 -0.2629 0.2014 -0.2629
0.1793 0.2468 0.1519 0.2468 0.1741 0.2629 0.2014 0.2629
0.1793 -0.3311 0.1519 -0.3311 0.1741 -0.315 0.2014 -0.315
0.1793 0.3311 0.1519 0.3311 0.1741 0.315 0.2014 0.315
0.1793 -0.3832 0.1519 -0.3832 0.1741 -0.3993 0.2014 -0.3993
0.1793 0.3832 0.1519 0.3832 0.1741 0.3993 0.2014 0.3993
0.1825 -0.0682 0.1604 -0.0843 0.1877 -0.0843 0.2099 -0.0682
0.1825 0.0682 0.1604 0.0843 0.1877 0.0843 0.2099 0.0682
0.1825 -0.1525 0.1604 -0.1364 0.1877 -0.1364 0.2099 -0.1525
0.1825 0.1525 0.1604 0.1364 0.1877 0.1364 0.2099 0.1525
0.1825 -0.4253 0.1604 -0.4414 0.1877 -0.4414 0.2099 -0.4253
0.1825 0.4253 0.1604 0.4414 0.1877 0.4414 0.2099 0.4253
0.2099 -0.0682 0.1825 -0.0682 0.1741 -0.0422 0.2014 -0.0422
0.2099 0.0682 0.1825 0.0682 0.1741 0.0422 0.2014 0.0422
0.2099 -0.1525 0.1825 -0.1525 0.1741 -0.1786 0.2014 -0.1786
0.2099 0.1525 0.1825 0.1525 0.1741 0.1786 0.2014 0.1786
0.2099 -0.2889 0.2014 -0.2629 0.1741 -0.2629 0.1825 -0.2889
0.2099 0.2889 0.2014 0.2629 0.1741 0.2629 0.1825 0.2889
0.2099 -0.2889 0.2014 -0.315 0.1741 -0.315 0.1825 -0.2889
0.2099 0.2889 0.2014 0.315 0.1741 0.315 0.1825 0.2889
0.2099 -0.4253 0.1825 -0.4253 0.1741 -0.3993 0.2014 -0.3993
0.2099 0.4253 0.1825 0.4253 0.1741 0.3993 0.2014 0.3993
0.2014 -0.0422 0.2099 -0.0161 0.1877 0.0 0.1793 -0.0261
0.2014 0.0422 0.2099 0.0161 0.1877 0.0 0.1793 0.0261
0.2014 -0.0943 0.1793 -0.1104 0.1877 -0.0843 0.2099 -0.0682
0.2014 0.0943 0.1793 0.1104 0.1877 0.0843 0.2099 0.0682
0.2014 -0.1265 0.1793 -0.1104 0.1877 -0.1364 0.2099 -0.1525
0.2014 0.1265 0.1793 0.1104 0.1877 0.1364 0.2099 0.1525
0.2014 -0.1786 0.2099 -0.2046 0.1877 -0.2207 0.1793 -0.1947
0.2014 0.1786 0.2099 0.2046 0.1877 0.2207 0.1793 0.1947
0.2014 -0.2629 0.2099 -0.2368 0.1877 -0.2207 0.1793 -0.2468
0.2014 0.2629 0.2099 0.2368 0.1877 0.2207 0.1793 0.2468
0.2014 -0.315 0.1793 -0.3311 0.1877 -0.3571 0.2099 -0.341
0.2014 0.315 0.1793 0.3311 0.1877 0.3571 0.2099 0.341
0.2014 -0.3993 0.2099 -0.3732 0.1877 -0.3571 0.1793 -0.3832
0.2014 0.3993 0.2099 0.3732 0.1877 0.3571 0.1793 0.3832
0.1793 -0.1104 0.2014 -0.1265 0.2236 -0.1104 0.2014 -0.0943
0.1793 0.1104 0.2014 0.1265 0.2236 0.1104 0.2014 0.0943
0.2321 0.0 0.2099 -0.0161 0.1877 0.0 0.2099 0.0161
0.2321 -0.2207 0.2099 -0.2046 0.1877 -0.2207 0.2099 -0.2368
0.2321 0.2207 0.2099 0.2046 0.1877 0.2207 0.2099 0.2368
0.2321 -0.3571 0.2099 -0.3732 0.1877 -0.3571 0.2099 -0.341
0.2321 0.3571 0.2099 0.3732 0.1877 0.3571 0.2099 0.341
0.2099 -0.0161 0.2321 0.0 0.2236 -0.0261 0.2014 -0.0422
0.2099 0.0161 0.2321 0.0 0.2236 0.0261 0.2014 0.0422
0.2099 -0.0682 0.2321 -0.0521 0.2236 -0.0261 0.2014 -0.0422
0.2099 0.0682 0.2321 0.0521 0.2236 0.0261 0.2014 0.0422
0.2099 -0.0682 0.2014 -0.0943 0.2236 -0.1104 0.2321 -0.0843
0.2099 0.0682 0.2014 0.0943 0.2236 0.1104 0.2321 0.0843
0.2099 -0.1525 0.2014 -0.1265 0.2236 -0.1104 0.2321 -0.1364
0.2099 0.1525 0.2014 0.1265 0.2236 0.1104 0.2321 0.1364
0.2099 -0.1525 0.2321 -0.1686 0.2236 -0.1947 0.2014 -0.1786
0.2099 0.1525 0.2321 0.1686 0.2236 0.1947 0.2014 0.1786
0.2099 -0.2046 0.2321 -0.2207 0.2236 -0.1947 0.2014 -0.1786
0.2099 0.2046 0.2321 0.2207 0.2236 0.1947 0.2014 0.1786
0.2099 -0.2368 0.2321 -0.2207 0.2236 -0.2468 0.2014 -0.2629
0.2099 0.2368 0.2321 0.2207 0.2236 0.2468 0.2014 0.2629
0.2099 -0.2889 0.2014 -0.2629 0.2236 -0.2468 0.2321 -0.2728
0.2099 0.2889 0.2014 0.2629 0.2236 0.2468 0.2321 0.2728
0.2099 -0.2889 0.2014 -0.315 0.2236 -0.3311 0.2321 -0.305
0.2099 0.2889 0.2014 0.315 0.2236 0.3311 0.2321 0.305
0.2099 -0.341 0.2321 -0.3571 0.2236 -0.3311 0.2014 -0.315
0.2099 0.341 0.2321 0.3571 0.2236 0.3311 0.2014 0.315
0.2099 -0.3732 0.2321 -0.3571 0.2236 -0.3832 0.2014 -0.3993
0.2099 0.3732 0.2321 0.3571 0.2236 0.3832 0.2014 0.3993
0.2099 -0.4253 0.2321 -0.4092 0.2236 -0.3832 0.2014 -0.3993
0.2099 0.4253 0.2321 0.4092 0.2236 0.3832 0.2014 0.3993
0.2405 -0.0261 0.2321 -0.0521 0.2236 -0.0261 0.2321 0.0
0.2405 0.0261 0.2321 0.0521 0.2236 0.0261 0.2321 0.0
0.2099 -0.0682 0.2321 -0.0521 0.2542 -0.0682 0.2321 -0.0843
0.2099 0.0682 0.2321 0.0521 0.2542 0.0682 0.2321 0.0843
0.2405 -0.1104 0.2321 -0.1364 0.2236 -0.1104 0.2321 -0.0843
0.2405 0.1104 0.2321 0.1364 0.2236 0.1104 0.2321 0.0843
0.2099 -0.1525 0.2321 -0.1686 0.2542 -0.1525 0.2321 -0.1364
0.2099 0.1525 0.2321 0.1686 0.2542 0.1525 0.2321 0.1364
0.2405 -0.1947 0.2321 -0.1686 0.2236 -0.1947 0.2321 -0.2207
0.2405 0.1947 0.2321 0.1686 0.2236 0.1947 0.2321 0.2207
0.2405 -0.2468 0.2321 -0.2728 0.2236 -0.2468 0.2321 -0.2207
0.2405 0.2468 0.2321 0.2728 0.2236 0.2468 0.2321 0.2207
0.2099 -0.2889 0.2321 -0.305 0.2542 -0.2889 0.2321 -0.2728
0.2099 0.2889 0.2321 0.305 0.2542 0.2889 0.2321 0.2728
0.2405 -0.3311 0.2321 -0.305 0.2236 -0.3311 0.2321 -0.3571
0.2405 0.3311 0.2321 0.305 0.2236 0.3311 0.2321 0.3571
0.2405 -0.3832 0.2321 -0.4092 0.2236 -0.3832 0.2321 -0.3571
0.2405 0.3832 0.2321 0.4092 0.2236 0.3832 0.2321 0.3571
0.2321 0.0 0.2405 -0.0261 0.2679 -0.0261 0.2595 0.0
0.2321 0.0 0.2405 0.0261 0.2679 0.0261 0.2595 0.0
0.2321 -0.0521 0.2595 -0.0521 0.2679 -0.0261 0.2405 -0.0261
0.2321 0.0521 0.2595 0.0521 0.2679 0.0261 0.2405 0.0261
0.2321 -0.0843 0.2595 -0.0843 0.2679 -0.1104 0.2405 -0.1104
0.2321 0.0843 0.2595 0.0843 0.2679 0.1104 0.2405 0.1104
0.2321 -0.1364 0.2595 -0.1364 0.2679 -0.1104 0.2405 -0.1104
0.2321 0.1364 0.2595 0.1364 0.2679 0.1104 0.2405 0.1104
0.2321 -0.1686 0.2595 -0.1686 0.2679 -0.1947 0.2405 -0.1947
0.2321 0.1686 0.2595 0.1686 0.2679 0.1947 0.2405 0.1947
0.2321 -0.2207 0.2405 -0.1947 0.2679 -0.1947 0.2595 -0.2207
0.2321 0.2207 0.2405 0.1947 0.2679 0.1947 0.2595 0.2207
0.2321 -0.2207 0.2405 -0.2468 0.2679 -0.2468 0.2595 -0.2207
0.2321 0.2207 0.2405 0.2468 0.2679 0.2468 0.2595 0.2207
0.2321 -0.2728 0.2405 -0.2468 0.2679 -0.2468 0.2595 -0.2728
0.2321 0.2728 0.2405 0.2468 0.2679 0.2468 0.2595 0.2728
0.2321 -0.305 0.2405 -0.3311 0.2679 -0.3311 0.2595 -0.305
0.2321 0.305 0.2405 0.3311 0.2679 0.3311 0.2595 0.305
0.2321 -0.3571 0.2405 -0.3311 0.2679 -0.3311 0.2595 -0.3571
0.2321 0.3571 0.2405 0.3311 0.2679 0.3311 0.2595 0.3571
0.2321 -0.3571 0.2405 -0.3832 0.2679 -0.3832 0.2595 -0.3571
0.2321 0.3571 0.2405 0.3832 0.2679 0.3832 0.2595 0.3571
0.2321 -0.4092 0.2405 -0.3832 0.2679 -0.3832 0.2595 -0.4092
0.2321 0.4092 0.2405 0.3832 0.2679 0.3832 0.2595 0.4092
0.2595 -0.0521 0.2321 -0.0521 0.2542 -0.0682 0.2816 -0.0682
0.2595 0.0521 0.2321 0.0521 0.2542 0.0682 0.2816 0.0682
0.2595 -0.0843 0.2816 -0.0682 0.2542 -0.0682 0.2321 -0.0843
0.2595 0.0843 0.2816 0.0682 0.2542 0.0682 0.2321 0.0843
0.2595 -0.1364 0.2816 -0.1525 0.2542 -0.1525 0.2321 -0.1364
0.2595 0.1364 0.2816 0.1525 0.2542 0.1525 0.2321 0.1364
0.2595 -0.1686 0.2321 -0.1686 0.2542 -0.1525 0.2816 -0.1525
0.2595 0.1686 0.2321 0.1686 0.2542 0.1525 0.2816 0.1525
0.2595 -0.2728 0.2321 -0.2728 0.2542 -0.2889 0.2816 -0.2889
0.2595 0.2728 0.2321 0.2728 0.2542 0.2889 0.2816 0.2889
0.2595 -0.305 0.2321 -0.305 0.2542 -0.2889 0.2816 -0.2889
0.2595 0.305 0.2321 0.305 0.2542 0.2889 0.2816 0.2889
0.2816 -0.0161 0.2901 -0.0422 0.2679 -0.0261 0.2595 0.0
0.2816 0.0161 0.2901 0.0422 0.2679 0.0261 0.2595 0.0
0.2816 -0.0682 0.2595 -0.0521 0.2679 -0.0261 0.2901 -0.0422
0.2816 0.0682 0.2595 0.0521 0.2679 0.0261 0.2901 0.0422
0.2816 -0.0682 0.2901 -0.0943 0.2679 -0.1104 0.2595 -0.0843
0.2816 0.0682 0.2901 0.0943 0.2679 0.1104 0.2595 0.0843
0.2816 -0.1525 0.2595 -0.1364 0.2679 -0.1104 0.2901 -0.1265
0.2816 0.1525 0.2595 0.1364 0.2679 0.1104 0.2901 0.1265
0.2816 -0.1525 0.2595 -0.1686 0.2679 -0.1947 0.2901 -0.1786
0.2816 0.1525 0.2595 0.1686 0.2679 0.1947 0.2901 0.1786
0.2816 -0.2046 0.2901 -0.1786 0.2679 -0.1947 0.2595 -0.2207
0.2816 0.2046 0.2901 0.1786 0.2679 0.1947 0.2595 0.2207
0.2816 -0.2368 0.2595 -0.2207 0.2679 -0.2468 0.2901 -0.2629
0.2816 0.2368 0.2595 0.2207 0.2679 0.2468 0.2901 0.2629
0.2816 -0.2889 0.2595 -0.2728 0.2679 -0.2468 0.2901 -0.2629
0.2816 0.2889 0.2595 0.2728 0.2679 0.2468 0.2901 0.2629
0.2816 -0.2889 0.2595 -0.305 0.2679 -0.3311 0.2901 -0.315
0.2816 0.2889 0.2595 0.305 0.2679 0.3311 0.2901 0.315
0.2816 -0.341 0.2595 -0.3571 0.2679 -0.3311 0.2901 -0.315
0.2816 0.341 0.2595 0.3571 0.2679 0.3311 0.2901 0.315
0.2816 -0.3732 0.2595 -0.3571 0.2679 -0.3832 0.2901 -0.3993
0.2816 0.3732 0.2595 0.3571 0.2679 0.3832 0.2901 0.3993
0.2595 0.0 0.2816 -0.0161 0.3038 0.0 0.2816 0.0161
0.2595 -0.2207 0.2816 -0.2046 0.3038 -0.2207 0.2816 -0.2368
0.2595 0.2207 0.2816 0.2046 0.3038 0.2207 0.2816 0.2368
0.2595 -0.3571 0.2816 -0.3732 0.3038 -0.3571 0.2816 -0.341
0.2595 0.3571 0.2816 0.3732 0.3038 0.3571 0.2816 0.341
0.3123 -0.1104 0.2901 -0.1265 0.2679 -0.1104 0.2901 -0.0943
0.3123 0.1104 0.2901 0.1265 0.2679 0.1104 0.2901 0.0943
0.2901 -0.0422 0.3123 -0.0261 0.3038 0.0 0.2816 -0.0161
0.2901 0.0422 0.3123 0.0261 0.3038 0.0 0.2816 0.0161
0.2901 -0.0943 0.2816 -0.0682 0.3038 -0.0843 0.3123 -0.1104
0.2901 0.0943 0.2816 0.0682 0.3038 0.0843 0.3123 0.1104
0.2901 -0.1265 0.2816 -0.1525 0.3038 -0.1364 0.3123 -0.1104
0.2901 0.1265 0.2816 0.1525 0.3038 0.1364 0.3123 0.1104
0.2901 -0.1786 0.2816 -0.2046 0.3038 -0.2207 0.3123 -0.1947
0.2901 0.1786 0.2816 0.2046 0.3038 0.2207 0.3123 0.1947
0.2901 -0.2629 0.3123 -0.2468 0.3038 -0.2207 0.2816 -0.2368
0.2901 0.2629 0.3123 0.2468 0.3038 0.2207 0.2816 0.2368
0.2901 -0.315 0.3123 -0.3311 0.3038 -0.3571 0.2816 -0.341
0.2901 0.315 0.3123 0.3311 0.3038 0.3571 0.2816 0.341
0.2816 -0.0682 0.309 -0.0682 0.3175 -0.0422 0.2901 -0.0422
0.2816 0.0682 0.309 0.0682 0.3175 0.0422 0.2901 0.0422
0.2816 -0.1525 0.309 -0.1525 0.3175 -0.1786 0.2901 -0.1786
0.2816 0.1525 0.309 0.1525 0.3175 0.1786 0.2901 0.1786
0.2816 -0.2889 0.309 -0.2889 0.3175 -0.2629 0.2901 -0.2629
0.2816 0.2889 0.309 0.2889 0.3175 0.2629 0.2901 0.2629
0.2816 -0.2889 0.309 -0.2889 0.3175 -0.315 0.2901 -0.315
0.2816 0.2889 0.309 0.2889 0.3175 0.315 0.2901 0.315
0.309 -0.0682 0.3312 -0.0843 0.3038 -0.0843 0.2816 -0.0682
0.309 0.0682 0.3312 0.0843 0.3038 0.0843 0.2816 0.0682
0.309 -0.1525 0.3312 -0.1364 0.3038 -0.1364 0.2816 -0.1525
0.309 0.1525 0.3312 0.1364 0.3038 0.1364 0.2816 0.1525
0.3123 -0.0261 0.3396 -0.0261 0.3175 -0.0422 0.2901 -0.0422
0.3123 0.0261 0.3396 0.0261 0.3175 0.0422 0.2901 0.0422
0.3123 -0.1947 0.2901 -0.1786 0.3175 -0.1786 0.3396 -0.1947
0.3123 0.1947 0.2901 0.1786 0.3175 0.1786 0.3396 0.1947
0.3123 -0.2468 0.3396 -0.2468 0.3175 -0.2629 0.2901 -0.2629
0.3123 0.2468 0.3396 0.2468 0.3175 0.2629 0.2901 0.2629
0.3123 -0.3311 0.3396 -0.3311 0.3175 -0.315 0.2901 -0.315
0.3123 0.3311 0.3396 0.3311 0.3175 0.315 0.2901 0.315
0.3396 -0.0261 0.3123 -0.0261 0.3038 0.0 0.3312 0.0
0.3396 0.0261 0.3123 0.0261 0.3038 0.0 0.3312 0.0
0.3396 -0.1104 0.3123 -0.1104 0.3038 -0.0843 0.3312 -0.0843
0.3396 0.1104 0.3123 0.1104 0.3038 0.0843 0.3312 0.0843
0.3396 -0.1104 0.3123 -0.1104 0.3038 -0.1364 0.3312 -0.1364
0.3396 0.1104 0.3123 0.1104 0.3038 0.1364 0.3312 0.1364
0.3396 -0.1947 0.3312 -0.2207 0.3038 -0.2207 0.3123 -0.1947
0.3396 0.1947 0.3312 0.2207 0.3038 0.2207 0.3123 0.1947
0.3396 -0.2468 0.3312 -0.2207 0.3038 -0.2207 0.3123 -0.2468
0.3396 0.2468 0.3312 0.2207 0.3038 0.2207 0.3123 0.2468
0.3396 -0.3311 0.3123 -0.3311 0.3038 -0.3571 0.3312 -0.3571
0.3396 0.3311 0.3123 0.3311 0.3038 0.3571 0.3312 0.3571
0.3312 -0.0843 0.3396 -0.0583 0.3175 -0.0422 0.309 -0.0682
0.3312 0.0843 0.3396 0.0583 0.3175 0.0422 0.309 0.0682
0.3312 -0.1364 0.309 -0.1525 0.3175 -0.1786 0.3396 -0.1625
0.3312 0.1364 0.309 0.1525 0.3175 0.1786 0.3396 0.1625
0.3312 -0.2728 0.309 -0.2889 0.3175 -0.2629 0.3396 -0.2468
0.3312 0.2728 0.309 0.2889 0.3175 0.2629 0.3396 0.2468
0.3312 -0.305 0.309 -0.2889 0.3175 -0.315 0.3396 -0.3311
0.3312 0.305 0.309 0.2889 0.3175 0.315 0.3396 0.3311
0.309 -0.2889 0.3312 -0.305 0.3533 -0.2889 0.3312 -0.2728
0.309 0.2889 0.3312 0.305 0.3533 0.2889 0.3312 0.2728
0.3312 0.0 0.3396 -0.0261 0.3481 0.0 0.3396 0.0261
0.3618 -0.0422 0.3396 -0.0583 0.3175 -0.0422 0.3396 -0.0261
0.3618 0.0422 0.3396 0.0583 0.3175 0.0422 0.3396 0.0261
0.3618 -0.1786 0.3396 -0.1625 0.3175 -0.1786 0.3396 -0.1947
0.3618 0.1786 0.3396 0.1625 0.3175 0.1786 0.3396 0.1947
0.3312 -0.2207 0.3396 -0.2468 0.3481 -0.2207 0.3396 -0.1947
0.3312 0.2207 0.3396 0.2468 0.3481 0.2207 0.3396 0.1947
0.3396 -0.0583 0.3312 -0.0843 0.3533 -0.0682 0.3618 -0.0422
0.3396 0.0583 0.3312 0.0843 0.3533 0.0682 0.3618 0.0422
0.3396 -0.1104 0.3618 -0.0943 0.3533 -0.0682 0.3312 -0.0843
0.3396 0.1104 0.3618 0.0943 0.3533 0.0682 0.3312 0.0843
0.3396 -0.1104 0.3618 -0.1265 0.3533 -0.1525 0.3312 -0.1364
0.3396 0.1104 0.3618 0.1265 0.3533 0.1525 0.3312 0.1364
0.3396 -0.1625 0.3312 -0.1364 0.3533 -0.1525 0.3618 -0.1786
0.3396 0.1625 0.3312 0.1364 0.3533 0.1525 0.3618 0.1786
0.3396 -0.2468 0.3312 -0.2728 0.3533 -0.2889 0.3618 -0.2629
0.3396 0.2468 0.3312 0.2728 0.3533 0.2889 0.3618 0.2629
0.3396 -0.3311 0.3312 -0.305 0.3533 -0.2889 0.3618 -0.315
0.3396 0.3311 0.3312 0.305 0.3533 0.2889 0.3618 0.315
0.3618 -0.0422 0.3703 -0.0161 0.3481 0.0 0.3396 -0.0261
0.3618 0.0422 0.3703 0.0161 0.3481 0.0 0.3396 0.0261
0.3618 -0.1786 0.3703 -0.2046 0.3481 -0.2207 0.3396 -0.1947
0.3618 0.1786 0.3703 0.2046 0.3481 0.2207 0.3396 0.1947
0.3618 -0.2307 0.3703 -0.2046 0.3481 -0.2207 0.3396 -0.2468
0.3618 0.2307 0.3703 0.2046 0.3481 0.2207 0.3396 0.2468
0.3703 -0.0682 0.3618 -0.0422 0.3533 -0.0682 0.3618 -0.0943
0.3703 0.0682 0.3618 0.0422 0.3533 0.0682 0.3618 0.0943
0.3396 -0.1104 0.3618 -0.0943 0.384 -0.1104 0.3618 -0.1265
0.3396 0.1104 0.3618 0.0943 0.384 0.1104 0.3618 0.1265
0.3703 -0.1525 0.3618 -0.1265 0.3533 -0.1525 0.3618 -0.1786
0.3703 0.1525 0.3618 0.1265 0.3533 0.1525 0.3618 0.1786
0.3396 -0.2468 0.3618 -0.2307 0.384 -0.2468 0.3618 -0.2629
0.3396 0.2468 0.3618 0.2307 0.384 0.2468 0.3618 0.2629
0.3703 -0.2889 0.3618 -0.315 0.3533 -0.2889 0.3618 -0.2629
0.3703 0.2889 0.3618 0.315 0.3533 0.2889 0.3618 0.2629
0.3924 0.0 0.3703 -0.0161 0.3481 0.0 0.3703 0.0161
0.3703 -0.0161 0.3924 0.0 0.384 -0.0261 0.3618 -0.0422
0.3703 0.0161 0.3924 0.0 0.384 0.0261 0.3618 0.0422
0.3703 -0.2046 0.3924 -0.2207 0.384 -0.2468 0.3618 -0.2307
0.3703 0.2046 0.3924 0.2207 0.384 0.2468 0.3618 0.2307
0.3618 -0.0422 0.3703 -0.0682 0.3977 -0.0682 0.3892 -0.0422
0.3618 0.0422 0.3703 0.0682 0.3977 0.0682 0.3892 0.0422
0.3618 -0.0943 0.3703 -0.0682 0.3977 -0.0682 0.3892 -0.0943
0.3618 0.0943 0.3703 0.0682 0.3977 0.0682 0.3892 0.0943
0.3618 -0.1265 0.3892 -0.1265 0.3977 -0.1525 0.3703 -0.1525
0.3618 0.1265 0.3892 0.1265 0.3977 0.1525 0.3703 0.1525
0.3618 -0.1786 0.3703 -0.1525 0.3977 -0.1525 0.3892 -0.1786
0.3618 0.1786 0.3703 0.1525 0.3977 0.1525 0.3892 0.1786
0.3618 -0.1786 0.3703 -0.2046 0.3977 -0.2046 0.3892 -0.1786
0.3618 0.1786 0.3703 0.2046 0.3977 0.2046 0.3892 0.1786
0.3618 -0.2629 0.3892 -0.2629 0.3977 -0.2889 0.3703 -0.2889
0.3618 0.2629 0.3892 0.2629 0.3977 0.2889 0.3703 0.2889
0.3618 -0.315 0.3703 -0.2889 0.3977 -0.2889 0.3892 -0.315
0.3618 0.315 0.3703 0.2889 0.3977 0.2889 0.3892 0.315
0.3892 -0.0422 0.3618 -0.0422 0.384 -0.0261 0.4114 -0.0261
0.3892 0.0422 0.3618 0.0422 0.384 0.0261 0.4114 0.0261
0.3892 -0.0943 0.4114 -0.1104 0.384 -0.1104 0.3618 -0.0943
0.3892 0.0943 0.4114 0.1104 0.384 0.1104 0.3618 0.0943
0.3892 -0.1265 0.3618 -0.1265 0.384 -0.1104 0.4114 -0.1104
0.3892 0.1265 0.3618 0.1265 0.384 0.1104 0.4114 0.1104
0.3892 -0.2629 0.4114 -0.2468 0.384 -0.2468 0.3618 -0.2629
0.3892 0.2629 0.4114 0.2468 0.384 0.2468 0.3618 0.2629
0.3924 -0.2207 0.3703 -0.2046 0.3977 -0.2046 0.4198 -0.2207
0.3924 0.2207 0.3703 0.2046 0.3977 0.2046 0.4198 0.2207
0.4198 0.0 0.3924 0.0 0.384 -0.0261 0.4114 -0.0261
0.4198 0.0 0.3924 0.0 0.384 0.0261 0.4114 0.0261
0.4198 -0.2207 0.3924 -0.2207 0.384 -0.2468 0.4114 -0.2468
0.4198 0.2207 0.3924 0.2207 0.384 0.2468 0.4114 0.2468
0.4114 -0.0261 0.3892 -0.0422 0.3977 -0.0682 0.4198 -0.0521
0.4114 0.0261 0.3892 0.0422 0.3977 0.0682 0.4198 0.0521
0.4114 -0.1104 0.4198 -0.0843 0.3977 -0.0682 0.3892 -0.0943
0.4114 0.1104 0.4198 0.0843 0.3977 0.0682 0.3892 0.0943
0.4114 -0.1104 0.3892 -0.1265 0.3977 -0.1525 0.4198 -0.1364
0.4114 0.1104 0.3892 0.1265 0.3977 0.1525 0.4198 0.1364
0.4114 -0.1625 0.4198 -0.1364 0.3977 -0.1525 0.3892 -0.1786
0.4114 0.1625 0.4198 0.1364 0.3977 0.1525 0.3892 0.1786
0.4114 -0.1947 0.4198 -0.2207 0.3977 -0.2046 0.3892 -0.1786
0.4114 0.1947 0.4198 0.2207 0.3977 0.2046 0.3892 0.1786
0.4114 -0.2468 0.3892 -0.2629 0.3977 -0.2889 0.4198 -0.2728
0.4114 0.2468 0.3892 0.2629 0.3977 0.2889 0.4198 0.2728
0.3892 -0.1786 0.4114 -0.1947 0.4335 -0.1786 0.4114 -0.1625
0.3892 0.1786 0.4114 0.1947 0.4335 0.1786 0.4114 0.1625
0.442 -0.0682 0.4198 -0.0843 0.3977 -0.0682 0.4198 -0.0521
0.442 0.0682 0.4198 0.0843 0.3977 0.0682 0.4198 0.0521
0.4198 0.0 0.442 -0.0161 0.4335 -0.0422 0.4114 -0.0261
0.4198 0.0 0.442 0.0161 0.4335 0.0422 0.4114 0.0261
0.4198 -0.0521 0.4114 -0.0261 0.4335 -0.0422 0.442 -0.0682
0.4198 0.0521 0.4114 0.0261 0.4335 0.0422 0.442 0.0682
0.4198 -0.0843 0.4114 -0.1104 0.4335 -0.0943 0.442 -0.0682
0.4198 0.0843 0.4114 0.1104 0.4335 0.0943 0.442 0.0682
0.4198 -0.1364 0.442 -0.1525 0.4335 -0.1786 0.4114 -0.1625
0.4198 0.1364 0.442 0.1525 0.4335 0.1786 0.4114 0.1625
0.4198 -0.2207 0.4114 -0.1947 0.4335 -0.1786 0.442 -0.2046
0.4198 0.2207 0.4114 0.1947 0.4335 0.1786 0.442 0.2046
0.4114 -0.1104 0.4387 -0.1104 0.4472 -0.1364 0.4198 -0.1364
0.4114 0.1104 0.4387 0.1104 0.4472 0.1364 0.4198 0.1364
0.4387 -0.1104 0.4609 -0.0943 0.4335 -0.0943 0.4114 -0.1104
0.4387 0.1104 0.4609 0.0943 0.4335 0.0943 0.4114 0.1104
0.442 -0.0161 0.4694 -0.0161 0.4472 0.0 0.4198 0.0
0.442 0.0161 0.4694 0.0161 0.4472 0.0 0.4198 0.0
0.442 -0.1525 0.4198 -0.1364 0.4472 -0.1364 0.4694 -0.1525
0.442 0.1525 0.4198 0.1364 0.4472 0.1364 0.4694 0.1525
0.4694 -0.0161 0.442 -0.0161 0.4335 -0.0422 0.4609 -0.0422
0.4694 0.0161 0.442 0.0161 0.4335 0.0422 0.4609 0.0422
0.4694 -0.0682 0.4609 -0.0422 0.4335 -0.0422 0.442 -0.0682
0.4694 0.0682 0.4609 0.0422 0.4335 0.0422 0.442 0.0682
0.4694 -0.0682 0.4609 -0.0943 0.4335 -0.0943 0.442 -0.0682
0.4694 0.0682 0.4609 0.0943 0.4335 0.0943 0.442 0.0682
0.4609 -0.0943 0.4387 -0.1104 0.4472 -0.1364 0.4694 -0.1203
0.4609 0.0943 0.4387 0.1104 0.4472 0.1364 0.4694 0.1203
0.4915 0.0 0.4694 -0.0161 0.4472 0.0 0.4694 0.0161
0.4609 -0.0422 0.4694 -0.0161 0.4778 -0.0422 0.4694 -0.0682
0.4609 0.0422 0.4694 0.0161 0.4778 0.0422 0.4694 0.0682
0.4915 0.0 0.4694 -0.0161 0.4778 -0.0422 0.5 -0.0261
0.4915 0.0 0.4694 0.0161 0.4778 0.0422 0.5 0.0261
