-0.4784 0.0 -0.4435 -0.0254 -0.4569 -0.0664 -0.4918 -0.041
-0.4784 0.0 -0.4435 0.0254 -0.4569 0.0664 -0.4918 0.041
-0.4784 0.0 -0.4435 0.0254 -0.4086 0.0 -0.4435 -0.0254
-0.4302 -0.0664 -0.4435 -0.0254 -0.4569 -0.0664 -0.4435 -0.1074
-0.4302 0.0664 -0.4435 0.0254 -0.4569 0.0664 -0.4435 0.1074
-0.4302 -0.1484 -0.3953 -0.1738 -0.4086 -0.2148 -0.4435 -0.1895
-0.4302 0.1484 -0.3953 0.1738 -0.4086 0.2148 -0.4435 0.1895
-0.4435 -0.0254 -0.4302 -0.0664 -0.3871 -0.0664 -0.4004 -0.0254
-0.4435 0.0254 -0.4302 0.0664 -0.3871 0.0664 -0.4004 0.0254
-0.4435 -0.1074 -0.4302 -0.0664 -0.3871 -0.0664 -0.4004 -0.1074
-0.4435 0.1074 -0.4302 0.0664 -0.3871 0.0664 -0.4004 0.1074
-0.4435 -0.1074 -0.4302 -0.1484 -0.3871 -0.1484 -0.4004 -0.1074
-0.4435 0.1074 -0.4302 0.1484 -0.3871 0.1484 -0.4004 0.1074
-0.4004 -0.0254 -0.4435 -0.0254 -0.4086 0.0 -0.3655 0.0
-0.4004 0.0254 -0.4435 0.0254 -0.4086 0.0 -0.3655 0.0
-0.4004 -0.2402 -0.3655 -0.2148 -0.4086 -0.2148 -0.4435 -0.2402
-0.4004 0.2402 -0.3655 0.2148 -0.4086 0.2148 -0.4435 0.2402
-0.3953 -0.1738 -0.4302 -0.1484 -0.3871 -0.1484 -0.3522 -0.1738
-0.3953 0.1738 -0.4302 0.1484 -0.3871 0.1484 -0.3522 0.1738
-0.3522 -0.1738 -0.3953 -0.1738 -0.4086 -0.2148 -0.3655 -0.2148
-0.3522 0.1738 -0.3953 0.1738 -0.4086 0.2148 -0.3655 0.2148
-0.3655 0.0 -0.4004 -0.0254 -0.3871 -0.0664 -0.3522 -0.041
-0.3655 0.0 -0.4004 0.0254 -0.3871 0.0664 -0.3522 0.041
-0.3655 -0.0821 -0.4004 -0.1074 -0.3871 -0.0664 -0.3522 -0.041
-0.3655 0.0821 -0.4004 0.1074 -0.3871 0.0664 -0.3522 0.041
-0.3655 -0.1328 -0.3522 -0.1738 -0.3871 -0.1484 -0.4004 -0.1074
-0.3655 0.1328 -0.3522 0.1738 -0.3871 0.1484 -0.4004 0.1074
-0.3655 -0.2148 -0.3522 -0.2559 -0.3871 -0.2812 -0.4004 -0.2402
-0.3655 0.2148 -0.3522 0.2559 -0.3871 0.2812 -0.4004 0.2402
-0.4004 -0.1074 -0.3655 -0.1328 -0.3306 -0.1074 -0.3655 -0.0821
-0.4004 0.1074 -0.3655 0.1328 -0.3306 0.1074 -0.3655 0.0821
-0.3173 -0.2812 -0.3522 -0.2559 -0.3871 -0.2812 -0.3522 -0.3066
-0.3173 0.2812 -0.3522 0.2559 -0.3871 0.2812 -0.3522 0.3066
-0.3522 -0.041 -0.3173 -0.0664 -0.3306 -0.1074 -0.3655 -0.0821
-0.3522 0.041 -0.3173 0.0664 -0.3306 0.1074 -0.3655 0.0821
-0.3522 -0.1738 -0.3173 -0.1484 -0.3306 -0.1074 -0.3655 -0.1328
-0.3522 0.1738 -0.3173 0.1484 -0.3306 0.1074 -0.3655 0.1328
-0.3522 -0.1738 -0.3173 -0.1992 -0.3306 -0.2402 -0.3655 -0.2148
-0.3522 0.1738 -0.3173 0.1992 -0.3306 0.2402 -0.3655 0.2148
-0.3522 -0.2559 -0.3173 -0.2812 -0.3306 -0.2402 -0.3655 -0.2148
-0.3522 0.2559 -0.3173 0.2812 -0.3306 0.2402 -0.3655 0.2148
-0.3522 -0.3066 -0.3173 -0.2812 -0.3306 -0.3222 -0.3655 -0.3476
-0.3522 0.3066 -0.3173 0.2812 -0.3306 0.3222 -0.3655 0.3476
-0.3655 0.0 -0.3223 0.0 -0.309 -0.041 -0.3522 -0.041
-0.3655 0.0 -0.3223 0.0 -0.309 0.041 -0.3522 0.041
-0.3173 -0.0664 -0.2741 -0.0664 -0.309 -0.041 -0.3522 -0.041
-0.3173 0.0664 -0.2741 0.0664 -0.309 0.041 -0.3522 0.041
-0.3173 -0.1484 -0.3522 -0.1738 -0.309 -0.1738 -0.2741 -0.1484
-0.3173 0.1484 -0.3522 0.1738 -0.309 0.1738 -0.2741 0.1484
-0.3173 -0.1992 -0.2741 -0.1992 -0.309 -0.1738 -0.3522 -0.1738
-0.3173 0.1992 -0.2741 0.1992 -0.309 0.1738 -0.3522 0.1738
-0.2741 -0.0664 -0.3173 -0.0664 -0.3306 -0.1074 -0.2874 -0.1074
-0.2741 0.0664 -0.3173 0.0664 -0.3306 0.1074 -0.2874 0.1074
-0.2741 -0.1484 -0.3173 -0.1484 -0.3306 -0.1074 -0.2874 -0.1074
-0.2741 0.1484 -0.3173 0.1484 -0.3306 0.1074 -0.2874 0.1074
-0.2741 -0.1992 -0.2874 -0.2402 -0.3306 -0.2402 -0.3173 -0.1992
-0.2741 0.1992 -0.2874 0.2402 -0.3306 0.2402 -0.3173 0.1992
-0.2741 -0.2812 -0.2874 -0.2402 -0.3306 -0.2402 -0.3173 -0.2812
-0.2741 0.2812 -0.2874 0.2402 -0.3306 0.2402 -0.3173 0.2812
-0.2741 -0.2812 -0.2874 -0.3222 -0.3306 -0.3222 -0.3173 -0.2812
-0.2741 0.2812 -0.2874 0.3222 -0.3306 0.3222 -0.3173 0.2812
-0.2741 -0.3633 -0.2874 -0.3222 -0.3306 -0.3222 -0.3173 -0.3633
-0.2741 0.3633 -0.2874 0.3222 -0.3306 0.3222 -0.3173 0.3633
-0.2874 -0.0254 -0.3223 0.0 -0.309 -0.041 -0.2741 -0.0664
-0.2874 0.0254 -0.3223 0.0 -0.309 0.041 -0.2741 0.0664
-0.3223 0.0 -0.2874 -0.0254 -0.2525 0.0 -0.2874 0.0254
-0.2874 -0.1074 -0.2741 -0.0664 -0.2608 -0.1074 -0.2741 -0.1484
-0.2874 0.1074 -0.2741 0.0664 -0.2608 0.1074 -0.2741 0.1484
-0.2392 -0.1738 -0.2741 -0.1484 -0.309 -0.1738 -0.2741 -0.1992
-0.2392 0.1738 -0.2741 0.1484 -0.309 0.1738 -0.2741 0.1992
-0.2874 -0.2402 -0.2741 -0.1992 -0.2608 -0.2402 -0.2741 -0.2812
-0.2874 0.2402 -0.2741 0.1992 -0.2608 0.2402 -0.2741 0.2812
-0.2874 -0.3222 -0.2741 -0.3633 -0.2608 -0.3222 -0.2741 -0.2812
-0.2874 0.3222 -0.2741 0.3633 -0.2608 0.3222 -0.2741 0.2812
-0.2741 -0.0664 -0.2874 -0.0254 -0.2525 0.0 -0.2392 -0.041
-0.2741 0.0664 -0.2874 0.0254 -0.2525 0.0 -0.2392 0.041
-0.2392 -0.0917 -0.2259 -0.1328 -0.2608 -0.1074 -0.2741 -0.0664
-0.2392 0.0917 -0.2259 0.1328 -0.2608 0.1074 -0.2741 0.0664
-0.2392 -0.1738 -0.2741 -0.1484 -0.2608 -0.1074 -0.2259 -0.1328
-0.2392 0.1738 -0.2741 0.1484 -0.2608 0.1074 -0.2259 0.1328
-0.2392 -0.1738 -0.2259 -0.2148 -0.2608 -0.2402 -0.2741 -0.1992
-0.2392 0.1738 -0.2259 0.2148 -0.2608 0.2402 -0.2741 0.1992
-0.2392 -0.2559 -0.2741 -0.2812 -0.2608 -0.2402 -0.2259 -0.2148
-0.2392 0.2559 -0.2741 0.2812 -0.2608 0.2402 -0.2259 0.2148
-0.2392 -0.3066 -0.2741 -0.2812 -0.2608 -0.3222 -0.2259 -0.3476
-0.2392 0.3066 -0.2741 0.2812 -0.2608 0.3222 -0.2259 0.3476
-0.2392 -0.3886 -0.2741 -0.3633 -0.2608 -0.3222 -0.2259 -0.3476
-0.2392 0.3886 -0.2741 0.3633 -0.2608 0.3222 -0.2259 0.3476
-0.2259 0.0 -0.2392 -0.041 -0.2525 0.0 -0.2392 0.041
-0.2741 -0.0664 -0.2392 -0.0917 -0.2043 -0.0664 -0.2392 -0.041
-0.2741 0.0664 -0.2392 0.0917 -0.2043 0.0664 -0.2392 0.041
-0.2741 -0.2812 -0.2392 -0.2559 -0.2043 -0.2812 -0.2392 -0.3066
-0.2741 0.2812 -0.2392 0.2559 -0.2043 0.2812 -0.2392 0.3066
-0.2259 -0.1328 -0.2392 -0.0917 -0.2043 -0.0664 -0.191 -0.1074
-0.2259 0.1328 -0.2392 0.0917 -0.2043 0.0664 -0.191 0.1074
-0.2259 -0.2148 -0.2392 -0.2559 -0.2043 -0.2812 -0.191 -0.2402
-0.2259 0.2148 -0.2392 0.2559 -0.2043 0.2812 -0.191 0.2402
-0.2259 -0.3476 -0.2392 -0.3066 -0.2043 -0.2812 -0.191 -0.3222
-0.2259 0.3476 -0.2392 0.3066 -0.2043 0.2812 -0.191 0.3222
-0.2392 -0.041 -0.2259 0.0 -0.1827 0.0 -0.1961 -0.041
-0.2392 0.041 -0.2259 0.0 -0.1827 0.0 -0.1961 0.041
-0.2392 -0.1738 -0.1961 -0.1738 -0.1827 -0.1328 -0.2259 -0.1328
-0.2392 0.1738 -0.1961 0.1738 -0.1827 0.1328 -0.2259 0.1328
-0.2392 -0.1738 -0.2259 -0.2148 -0.1827 -0.2148 -0.1961 -0.1738
-0.2392 0.1738 -0.2259 0.2148 -0.1827 0.2148 -0.1961 0.1738
-0.2392 -0.3886 -0.1961 -0.3886 -0.1827 -0.3476 -0.2259 -0.3476
-0.2392 0.3886 -0.1961 0.3886 -0.1827 0.3476 -0.2259 0.3476
-0.1961 -0.041 -0.2392 -0.041 -0.2043 -0.0664 -0.1612 -0.0664
-0.1961 0.041 -0.2392 0.041 -0.2043 0.0664 -0.1612 0.0664
-0.1961 -0.3886 -0.1612 -0.414 -0.2043 -0.414 -0.2392 -0.3886
-0.1961 0.3886 -0.1612 0.414 -0.2043 0.414 -0.2392 0.3886
-0.191 -0.1074 -0.2259 -0.1328 -0.1827 -0.1328 -0.1478 -0.1074
-0.191 0.1074 -0.2259 0.1328 -0.1827 0.1328 -0.1478 0.1074
-0.191 -0.2402 -0.1478 -0.2402 -0.1827 -0.2148 -0.2259 -0.2148
-0.191 0.2402 -0.1478 0.2402 -0.1827 0.2148 -0.2259 0.2148
-0.191 -0.3222 -0.2259 -0.3476 -0.1827 -0.3476 -0.1478 -0.3222
-0.191 0.3222 -0.2259 0.3476 -0.1827 0.3476 -0.1478 0.3222
-0.1478 -0.1074 -0.191 -0.1074 -0.2043 -0.0664 -0.1612 -0.0664
-0.1478 0.1074 -0.191 0.1074 -0.2043 0.0664 -0.1612 0.0664
-0.1478 -0.2402 -0.1612 -0.2812 -0.2043 -0.2812 -0.191 -0.2402
-0.1478 0.2402 -0.1612 0.2812 -0.2043 0.2812 -0.191 0.2402
-0.1478 -0.3222 -0.1612 -0.2812 -0.2043 -0.2812 -0.191 -0.3222
-0.1478 0.3222 -0.1612 0.2812 -0.2043 0.2812 -0.191 0.3222
-0.1478 -0.455 -0.1612 -0.414 -0.2043 -0.414 -0.191 -0.455
-0.1478 0.455 -0.1612 0.414 -0.2043 0.414 -0.191 0.455
-0.1612 -0.0664 -0.1478 -0.0254 -0.1827 0.0 -0.1961 -0.041
-0.1612 0.0664 -0.1478 0.0254 -0.1827 0.0 -0.1961 0.041
-0.1612 -0.1484 -0.1961 -0.1738 -0.1827 -0.1328 -0.1478 -0.1074
-0.1612 0.1484 -0.1961 0.1738 -0.1827 0.1328 -0.1478 0.1074
-0.1612 -0.1992 -0.1961 -0.1738 -0.1827 -0.2148 -0.1478 -0.2402
-0.1612 0.1992 -0.1961 0.1738 -0.1827 0.2148 -0.1478 0.2402
-0.1612 -0.414 -0.1961 -0.3886 -0.1827 -0.3476 -0.1478 -0.373
-0.1612 0.414 -0.1961 0.3886 -0.1827 0.3476 -0.1478 0.373
-0.1961 -0.1738 -0.1612 -0.1992 -0.1263 -0.1738 -0.1612 -0.1484
-0.1961 0.1738 -0.1612 0.1992 -0.1263 0.1738 -0.1612 0.1484
-0.1129 0.0 -0.1478 -0.0254 -0.1827 0.0 -0.1478 0.0254
-0.1612 -0.2812 -0.1478 -0.2402 -0.1345 -0.2812 -0.1478 -0.3222
-0.1612 0.2812 -0.1478 0.2402 -0.1345 0.2812 -0.1478 0.3222
-0.1129 -0.3476 -0.1478 -0.373 -0.1827 -0.3476 -0.1478 -0.3222
-0.1129 0.3476 -0.1478 0.373 -0.1827 0.3476 -0.1478 0.3222
-0.1478 -0.0254 -0.1129 0.0 -0.1263 -0.041 -0.1612 -0.0664
-0.1478 0.0254 -0.1129 0.0 -0.1263 0.041 -0.1612 0.0664
-0.1478 -0.1074 -0.1129 -0.0821 -0.1263 -0.041 -0.1612 -0.0664
-0.1478 0.1074 -0.1129 0.0821 -0.1263 0.041 -0.1612 0.0664
-0.1478 -0.1074 -0.1612 -0.1484 -0.1263 -0.1738 -0.1129 -0.1328
-0.1478 0.1074 -0.1612 0.1484 -0.1263 0.1738 -0.1129 0.1328
-0.1478 -0.2402 -0.1612 -0.1992 -0.1263 -0.1738 -0.1129 -0.2148
-0.1478 0.2402 -0.1612 0.1992 -0.1263 0.1738 -0.1129 0.2148
-0.1478 -0.373 -0.1612 -0.414 -0.1263 -0.3886 -0.1129 -0.3476
-0.1478 0.373 -0.1612 0.414 -0.1263 0.3886 -0.1129 0.3476
-0.1478 -0.455 -0.1129 -0.4297 -0.1263 -0.3886 -0.1612 -0.414
-0.1478 0.455 -0.1129 0.4297 -0.1263 0.3886 -0.1612 0.414
-0.1129 -0.2655 -0.0996 -0.3066 -0.1345 -0.2812 -0.1478 -0.2402
-0.1129 0.2655 -0.0996 0.3066 -0.1345 0.2812 -0.1478 0.2402
-0.1129 -0.3476 -0.0996 -0.3066 -0.1345 -0.2812 -0.1478 -0.3222
-0.1129 0.3476 -0.0996 0.3066 -0.1345 0.2812 -0.1478 0.3222
-0.0996 -0.041 -0.1129 -0.0821 -0.1263 -0.041 -0.1129 0.0
-0.0996 0.041 -0.1129 0.0821 -0.1263 0.041 -0.1129 0.0
-0.1478 -0.1074 -0.1129 -0.0821 -0.078 -0.1074 -0.1129 -0.1328
-0.1478 0.1074 -0.1129 0.0821 -0.078 0.1074 -0.1129 0.1328
-0.0996 -0.1738 -0.1129 -0.2148 -0.1263 -0.1738 -0.1129 -0.1328
-0.0996 0.1738 -0.1129 0.2148 -0.1263 0.1738 -0.1129 0.1328
-0.1478 -0.2402 -0.1129 -0.2655 -0.078 -0.2402 -0.1129 -0.2148
-0.1478 0.2402 -0.1129 0.2655 -0.078 0.2402 -0.1129 0.2148
-0.0996 -0.3886 -0.1129 -0.4297 -0.1263 -0.3886 -0.1129 -0.3476
-0.0996 0.3886 -0.1129 0.4297 -0.1263 0.3886 -0.1129 0.3476
-0.1478 -0.455 -0.1129 -0.4297 -0.078 -0.455 -0.1129 -0.4804
-0.1478 0.455 -0.1129 0.4297 -0.078 0.455 -0.1129 0.4804
-0.0996 -0.3066 -0.0647 -0.2812 -0.078 -0.2402 -0.1129 -0.2655
-0.0996 0.3066 -0.0647 0.2812 -0.078 0.2402 -0.1129 0.2655
-0.1129 0.0 -0.0996 -0.041 -0.0565 -0.041 -0.0698 0.0
-0.1129 0.0 -0.0996 0.041 -0.0565 0.041 -0.0698 0.0
-0.1129 -0.0821 -0.0698 -0.0821 -0.0565 -0.041 -0.0996 -0.041
-0.1129 0.0821 -0.0698 0.0821 -0.0565 0.041 -0.0996 0.041
-0.1129 -0.1328 -0.0698 -0.1328 -0.0565 -0.1738 -0.0996 -0.1738
-0.1129 0.1328 -0.0698 0.1328 -0.0565 0.1738 -0.0996 0.1738
-0.1129 -0.2148 -0.0698 -0.2148 -0.0565 -0.1738 -0.0996 -0.1738
-0.1129 0.2148 -0.0698 0.2148 -0.0565 0.1738 -0.0996 0.1738
-0.1129 -0.3476 -0.0996 -0.3066 -0.0565 -0.3066 -0.0698 -0.3476
-0.1129 0.3476 -0.0996 0.3066 -0.0565 0.3066 -0.0698 0.3476
-0.1129 -0.3476 -0.0996 -0.3886 -0.0565 -0.3886 -0.0698 -0.3476
-0.1129 0.3476 -0.0996 0.3886 -0.0565 0.3886 -0.0698 0.3476
-0.1129 -0.4297 -0.0698 -0.4297 -0.0565 -0.3886 -0.0996 -0.3886
-0.1129 0.4297 -0.0698 0.4297 -0.0565 0.3886 -0.0996 0.3886
-0.0698 -0.0821 -0.1129 -0.0821 -0.078 -0.1074 -0.0349 -0.1074
-0.0698 0.0821 -0.1129 0.0821 -0.078 0.1074 -0.0349 0.1074
-0.0698 -0.1328 -0.0349 -0.1074 -0.078 -0.1074 -0.1129 -0.1328
-0.0698 0.1328 -0.0349 0.1074 -0.078 0.1074 -0.1129 0.1328
-0.0698 -0.2148 -0.0349 -0.2402 -0.078 -0.2402 -0.1129 -0.2148
-0.0698 0.2148 -0.0349 0.2402 -0.078 0.2402 -0.1129 0.2148
-0.0698 -0.4297 -0.1129 -0.4297 -0.078 -0.455 -0.0349 -0.455
-0.0698 0.4297 -0.1129 0.4297 -0.078 0.455 -0.0349 0.455
-0.0647 -0.2812 -0.0996 -0.3066 -0.0565 -0.3066 -0.0216 -0.2812
-0.0647 0.2812 -0.0996 0.3066 -0.0565 0.3066 -0.0216 0.2812
-0.0216 -0.2812 -0.0647 -0.2812 -0.078 -0.2402 -0.0349 -0.2402
-0.0216 0.2812 -0.0647 0.2812 -0.078 0.2402 -0.0349 0.2402
-0.0349 -0.0254 -0.0216 -0.0664 -0.0565 -0.041 -0.0698 0.0
-0.0349 0.0254 -0.0216 0.0664 -0.0565 0.041 -0.0698 0.0
-0.0349 -0.1074 -0.0698 -0.0821 -0.0565 -0.041 -0.0216 -0.0664
-0.0349 0.1074 -0.0698 0.0821 -0.0565 0.041 -0.0216 0.0664
-0.0349 -0.1074 -0.0216 -0.1484 -0.0565 -0.1738 -0.0698 -0.1328
-0.0349 0.1074 -0.0216 0.1484 -0.0565 0.1738 -0.0698 0.1328
-0.0349 -0.2402 -0.0698 -0.2148 -0.0565 -0.1738 -0.0216 -0.1992
-0.0349 0.2402 -0.0698 0.2148 -0.0565 0.1738 -0.0216 0.1992
-0.0349 -0.3222 -0.0216 -0.2812 -0.0565 -0.3066 -0.0698 -0.3476
-0.0349 0.3222 -0.0216 0.2812 -0.0565 0.3066 -0.0698 0.3476
-0.0349 -0.373 -0.0216 -0.414 -0.0565 -0.3886 -0.0698 -0.3476
-0.0349 0.373 -0.0216 0.414 -0.0565 0.3886 -0.0698 0.3476
-0.0349 -0.455 -0.0698 -0.4297 -0.0565 -0.3886 -0.0216 -0.414
-0.0349 0.455 -0.0698 0.4297 -0.0565 0.3886 -0.0216 0.414
-0.0698 0.0 -0.0349 -0.0254 0.0 0.0 -0.0349 0.0254
-0.0698 -0.3476 -0.0349 -0.3222 0.0 -0.3476 -0.0349 -0.373
-0.0698 0.3476 -0.0349 0.3222 0.0 0.3476 -0.0349 0.373
0.0133 -0.1738 -0.0216 -0.1484 -0.0565 -0.1738 -0.0216 -0.1992
0.0133 0.1738 -0.0216 0.1484 -0.0565 0.1738 -0.0216 0.1992
-0.0216 -0.0664 0.0133 -0.041 0.0 0.0 -0.0349 -0.0254
-0.0216 0.0664 0.0133 0.041 0.0 0.0 -0.0349 0.0254
-0.0216 -0.1484 -0.0349 -0.1074 0.0 -0.1328 0.0133 -0.1738
-0.0216 0.1484 -0.0349 0.1074 0.0 0.1328 0.0133 0.1738
-0.0216 -0.1992 -0.0349 -0.2402 0.0 -0.2148 0.0133 -0.1738
-0.0216 0.1992 -0.0349 0.2402 0.0 0.2148 0.0133 0.1738
-0.0216 -0.2812 0.0133 -0.2559 0.0 -0.2148 -0.0349 -0.2402
-0.0216 0.2812 0.0133 0.2559 0.0 0.2148 -0.0349 0.2402
-0.0216 -0.2812 -0.0349 -0.3222 0.0 -0.3476 0.0133 -0.3066
-0.0216 0.2812 -0.0349 0.3222 0.0 0.3476 0.0133 0.3066
-0.0216 -0.414 0.0133 -0.3886 0.0 -0.3476 -0.0349 -0.373
-0.0216 0.414 0.0133 0.3886 0.0 0.3476 -0.0349 0.373
-0.0349 -0.1074 0.0082 -0.1074 0.0216 -0.0664 -0.0216 -0.0664
-0.0349 0.1074 0.0082 0.1074 0.0216 0.0664 -0.0216 0.0664
-0.0349 -0.455 0.0082 -0.455 0.0216 -0.414 -0.0216 -0.414
-0.0349 0.455 0.0082 0.455 0.0216 0.414 -0.0216 0.414
0.0082 -0.1074 0.0431 -0.1328 0.0 -0.1328 -0.0349 -0.1074
0.0082 0.1074 0.0431 0.1328 0.0 0.1328 -0.0349 0.1074
0.0133 -0.041 0.0565 -0.041 0.0216 -0.0664 -0.0216 -0.0664
0.0133 0.041 0.0565 0.041 0.0216 0.0664 -0.0216 0.0664
0.0133 -0.2559 0.0565 -0.2559 0.0216 -0.2812 -0.0216 -0.2812
0.0133 0.2559 0.0565 0.2559 0.0216 0.2812 -0.0216 0.2812
0.0133 -0.3066 -0.0216 -0.2812 0.0216 -0.2812 0.0565 -0.3066
0.0133 0.3066 -0.0216 0.2812 0.0216 0.2812 0.0565 0.3066
0.0133 -0.3886 0.0565 -0.3886 0.0216 -0.414 -0.0216 -0.414
0.0133 0.3886 0.0565 0.3886 0.0216 0.414 -0.0216 0.414
0.0565 -0.041 0.0431 0.0 0.0 0.0 0.0133 -0.041
0.0565 0.041 0.0431 0.0 0.0 0.0 0.0133 0.041
0.0565 -0.1738 0.0431 -0.1328 0.0 -0.1328 0.0133 -0.1738
0.0565 0.1738 0.0431 0.1328 0.0 0.1328 0.0133 0.1738
0.0565 -0.1738 0.0431 -0.2148 0.0 -0.2148 0.0133 -0.1738
0.0565 0.1738 0.0431 0.2148 0.0 0.2148 0.0133 0.1738
0.0565 -0.2559 0.0133 -0.2559 0.0 -0.2148 0.0431 -0.2148
0.0565 0.2559 0.0133 0.2559 0.0 0.2148 0.0431 0.2148
0.0565 -0.3066 0.0431 -0.3476 0.0 -0.3476 0.0133 -0.3066
0.0565 0.3066 0.0431 0.3476 0.0 0.3476 0.0133 0.3066
0.0565 -0.3886 0.0431 -0.3476 0.0 -0.3476 0.0133 -0.3886
0.0565 0.3886 0.0431 0.3476 0.0 0.3476 0.0133 0.3886
0.0431 -0.1328 0.0565 -0.0917 0.0216 -0.0664 0.0082 -0.1074
0.0431 0.1328 0.0565 0.0917 0.0216 0.0664 0.0082 0.1074
0.0431 -0.4297 0.0082 -0.455 0.0216 -0.414 0.0565 -0.3886
0.0431 0.4297 0.0082 0.455 0.0216 0.414 0.0565 0.3886
0.0082 -0.455 0.0431 -0.4297 0.078 -0.455 0.0431 -0.4804
0.0082 0.455 0.0431 0.4297 0.078 0.455 0.0431 0.4804
0.0431 0.0 0.0565 -0.041 0.0698 0.0 0.0565 0.041
0.0914 -0.0664 0.0565 -0.0917 0.0216 -0.0664 0.0565 -0.041
0.0914 0.0664 0.0565 0.0917 0.0216 0.0664 0.0565 0.041
0.0431 -0.2148 0.0565 -0.2559 0.0698 -0.2148 0.0565 -0.1738
0.0431 0.2148 0.0565 0.2559 0.0698 0.2148 0.0565 0.1738
0.0914 -0.2812 0.0565 -0.3066 0.0216 -0.2812 0.0565 -0.2559
0.0914 0.2812 0.0565 0.3066 0.0216 0.2812 0.0565 0.2559
0.0431 -0.3476 0.0565 -0.3886 0.0698 -0.3476 0.0565 -0.3066
0.0431 0.3476 0.0565 0.3886 0.0698 0.3476 0.0565 0.3066
0.0565 -0.0917 0.0431 -0.1328 0.078 -0.1074 0.0914 -0.0664
0.0565 0.0917 0.0431 0.1328 0.078 0.1074 0.0914 0.0664
0.0565 -0.1738 0.0431 -0.1328 0.078 -0.1074 0.0914 -0.1484
0.0565 0.1738 0.0431 0.1328 0.078 0.1074 0.0914 0.1484
0.0565 -0.3886 0.0431 -0.4297 0.078 -0.455 0.0914 -0.414
0.0565 0.3886 0.0431 0.4297 0.078 0.455 0.0914 0.414
0.0914 -0.0664 0.1047 -0.0254 0.0698 0.0 0.0565 -0.041
0.0914 0.0664 0.1047 0.0254 0.0698 0.0 0.0565 0.041
0.0914 -0.1992 0.1047 -0.2402 0.0698 -0.2148 0.0565 -0.1738
0.0914 0.1992 0.1047 0.2402 0.0698 0.2148 0.0565 0.1738
0.0914 -0.2812 0.1047 -0.2402 0.0698 -0.2148 0.0565 -0.2559
0.0914 0.2812 0.1047 0.2402 0.0698 0.2148 0.0565 0.2559
0.0914 -0.2812 0.0565 -0.3066 0.0698 -0.3476 0.1047 -0.3222
0.0914 0.2812 0.0565 0.3066 0.0698 0.3476 0.1047 0.3222
0.0914 -0.3633 0.1047 -0.3222 0.0698 -0.3476 0.0565 -0.3886
0.0914 0.3633 0.1047 0.3222 0.0698 0.3476 0.0565 0.3886
0.1047 -0.1074 0.0914 -0.0664 0.078 -0.1074 0.0914 -0.1484
0.1047 0.1074 0.0914 0.0664 0.078 0.1074 0.0914 0.1484
0.0565 -0.1738 0.0914 -0.1992 0.1263 -0.1738 0.0914 -0.1484
0.0565 0.1738 0.0914 0.1992 0.1263 0.1738 0.0914 0.1484
0.0565 -0.3886 0.0914 -0.3633 0.1263 -0.3886 0.0914 -0.414
0.0565 0.3886 0.0914 0.3633 0.1263 0.3886 0.0914 0.414
0.1047 -0.455 0.0914 -0.414 0.078 -0.455 0.0914 -0.496
0.1047 0.455 0.0914 0.414 0.078 0.455 0.0914 0.496
0.1396 0.0 0.1047 -0.0254 0.0698 0.0 0.1047 0.0254
0.1047 -0.0254 0.1396 0.0 0.1263 -0.041 0.0914 -0.0664
0.1047 0.0254 0.1396 0.0 0.1263 0.041 0.0914 0.0664
0.1047 -0.2402 0.1396 -0.2148 0.1263 -0.1738 0.0914 -0.1992
0.1047 0.2402 0.1396 0.2148 0.1263 0.1738 0.0914 0.1992
0.1047 -0.3222 0.1396 -0.3476 0.1263 -0.3886 0.0914 -0.3633
0.1047 0.3222 0.1396 0.3476 0.1263 0.3886 0.0914 0.3633
0.0914 -0.0664 0.1345 -0.0664 0.1478 -0.1074 0.1047 -0.1074
0.0914 0.0664 0.1345 0.0664 0.1478 0.1074 0.1047 0.1074
0.0914 -0.1484 0.1047 -0.1074 0.1478 -0.1074 0.1345 -0.1484
0.0914 0.1484 0.1047 0.1074 0.1478 0.1074 0.1345 0.1484
0.0914 -0.2812 0.1345 -0.2812 0.1478 -0.2402 0.1047 -0.2402
0.0914 0.2812 0.1345 0.2812 0.1478 0.2402 0.1047 0.2402
0.0914 -0.2812 0.1345 -0.2812 0.1478 -0.3222 0.1047 -0.3222
0.0914 0.2812 0.1345 0.2812 0.1478 0.3222 0.1047 0.3222
0.0914 -0.414 0.1345 -0.414 0.1478 -0.455 0.1047 -0.455
0.0914 0.414 0.1345 0.414 0.1478 0.455 0.1047 0.455
0.1345 -0.0664 0.0914 -0.0664 0.1263 -0.041 0.1694 -0.041
0.1345 0.0664 0.0914 0.0664 0.1263 0.041 0.1694 0.041
0.1345 -0.1484 0.1694 -0.1738 0.1263 -0.1738 0.0914 -0.1484
0.1345 0.1484 0.1694 0.1738 0.1263 0.1738 0.0914 0.1484
0.1345 -0.414 0.1694 -0.3886 0.1263 -0.3886 0.0914 -0.414
0.1345 0.414 0.1694 0.3886 0.1263 0.3886 0.0914 0.414
0.1396 -0.2148 0.1047 -0.2402 0.1478 -0.2402 0.1827 -0.2148
0.1396 0.2148 0.1047 0.2402 0.1478 0.2402 0.1827 0.2148
0.1396 -0.3476 0.1047 -0.3222 0.1478 -0.3222 0.1827 -0.3476
0.1396 0.3476 0.1047 0.3222 0.1478 0.3222 0.1827 0.3476
0.1827 0.0 0.1396 0.0 0.1263 -0.041 0.1694 -0.041
0.1827 0.0 0.1396 0.0 0.1263 0.041 0.1694 0.041
0.1827 -0.2148 0.1396 -0.2148 0.1263 -0.1738 0.1694 -0.1738
0.1827 0.2148 0.1396 0.2148 0.1263 0.1738 0.1694 0.1738
0.1827 -0.3476 0.1396 -0.3476 0.1263 -0.3886 0.1694 -0.3886
0.1827 0.3476 0.1396 0.3476 0.1263 0.3886 0.1694 0.3886
0.1694 -0.041 0.1345 -0.0664 0.1478 -0.1074 0.1827 -0.0821
0.1694 0.041 0.1345 0.0664 0.1478 0.1074 0.1827 0.0821
0.1694 -0.1738 0.1827 -0.1328 0.1478 -0.1074 0.1345 -0.1484
0.1694 0.1738 0.1827 0.1328 0.1478 0.1074 0.1345 0.1484
0.1694 -0.2559 0.1827 -0.2148 0.1478 -0.2402 0.1345 -0.2812
0.1694 0.2559 0.1827 0.2148 0.1478 0.2402 0.1345 0.2812
0.1694 -0.3066 0.1827 -0.3476 0.1478 -0.3222 0.1345 -0.2812
0.1694 0.3066 0.1827 0.3476 0.1478 0.3222 0.1345 0.2812
0.1694 -0.3886 0.1345 -0.414 0.1478 -0.455 0.1827 -0.4297
0.1694 0.3886 0.1345 0.414 0.1478 0.455 0.1827 0.4297
0.1345 -0.2812 0.1694 -0.3066 0.2043 -0.2812 0.1694 -0.2559
0.1345 0.2812 0.1694 0.3066 0.2043 0.2812 0.1694 0.2559
0.2176 -0.1074 0.1827 -0.1328 0.1478 -0.1074 0.1827 -0.0821
0.2176 0.1074 0.1827 0.1328 0.1478 0.1074 0.1827 0.0821
0.1827 0.0 0.2176 -0.0254 0.2043 -0.0664 0.1694 -0.041
0.1827 0.0 0.2176 0.0254 0.2043 0.0664 0.1694 0.041
0.1827 -0.0821 0.2176 -0.1074 0.2043 -0.0664 0.1694 -0.041
0.1827 0.0821 0.2176 0.1074 0.2043 0.0664 0.1694 0.041
0.1827 -0.1328 0.2176 -0.1074 0.2043 -0.1484 0.1694 -0.1738
0.1827 0.1328 0.2176 0.1074 0.2043 0.1484 0.1694 0.1738
0.1827 -0.2148 0.2176 -0.1895 0.2043 -0.1484 0.1694 -0.1738
0.1827 0.2148 0.2176 0.1895 0.2043 0.1484 0.1694 0.1738
0.1827 -0.2148 0.2176 -0.2402 0.2043 -0.2812 0.1694 -0.2559
0.1827 0.2148 0.2176 0.2402 0.2043 0.2812 0.1694 0.2559
0.1827 -0.3476 0.1694 -0.3066 0.2043 -0.2812 0.2176 -0.3222
0.1827 0.3476 0.1694 0.3066 0.2043 0.2812 0.2176 0.3222
0.1827 -0.3476 0.2176 -0.373 0.2043 -0.414 0.1694 -0.3886
0.1827 0.3476 0.2176 0.373 0.2043 0.414 0.1694 0.3886
0.1827 -0.4297 0.1694 -0.3886 0.2043 -0.414 0.2176 -0.455
0.1827 0.4297 0.1694 0.3886 0.2043 0.414 0.2176 0.455
0.2176 -0.0254 0.2608 -0.0254 0.2259 0.0 0.1827 0.0
0.2176 0.0254 0.2608 0.0254 0.2259 0.0 0.1827 0.0
0.2176 -0.1895 0.2608 -0.1895 0.2259 -0.2148 0.1827 -0.2148
0.2176 0.1895 0.2608 0.1895 0.2259 0.2148 0.1827 0.2148
0.2176 -0.2402 0.1827 -0.2148 0.2259 -0.2148 0.2608 -0.2402
0.2176 0.2402 0.1827 0.2148 0.2259 0.2148 0.2608 0.2402
0.2176 -0.3222 0.1827 -0.3476 0.2259 -0.3476 0.2608 -0.3222
0.2176 0.3222 0.1827 0.3476 0.2259 0.3476 0.2608 0.3222
0.2176 -0.373 0.2608 -0.373 0.2259 -0.3476 0.1827 -0.3476
0.2176 0.373 0.2608 0.373 0.2259 0.3476 0.1827 0.3476
0.2608 -0.0254 0.2475 -0.0664 0.2043 -0.0664 0.2176 -0.0254
0.2608 0.0254 0.2475 0.0664 0.2043 0.0664 0.2176 0.0254
0.2608 -0.1074 0.2475 -0.0664 0.2043 -0.0664 0.2176 -0.1074
0.2608 0.1074 0.2475 0.0664 0.2043 0.0664 0.2176 0.1074
0.2608 -0.1074 0.2475 -0.1484 0.2043 -0.1484 0.2176 -0.1074
0.2608 0.1074 0.2475 0.1484 0.2043 0.1484 0.2176 0.1074
0.2608 -0.1895 0.2475 -0.1484 0.2043 -0.1484 0.2176 -0.1895
0.2608 0.1895 0.2475 0.1484 0.2043 0.1484 0.2176 0.1895
0.2608 -0.2402 0.2176 -0.2402 0.2043 -0.2812 0.2475 -0.2812
0.2608 0.2402 0.2176 0.2402 0.2043 0.2812 0.2475 0.2812
0.2608 -0.3222 0.2176 -0.3222 0.2043 -0.2812 0.2475 -0.2812
0.2608 0.3222 0.2176 0.3222 0.2043 0.2812 0.2475 0.2812
0.2608 -0.373 0.2176 -0.373 0.2043 -0.414 0.2475 -0.414
0.2608 0.373 0.2176 0.373 0.2043 0.414 0.2475 0.414
0.2957 0.0 0.2608 -0.0254 0.2259 0.0 0.2608 0.0254
0.2475 -0.0664 0.2608 -0.0254 0.2741 -0.0664 0.2608 -0.1074
0.2475 0.0664 0.2608 0.0254 0.2741 0.0664 0.2608 0.1074
0.2475 -0.1484 0.2608 -0.1895 0.2741 -0.1484 0.2608 -0.1074
0.2475 0.1484 0.2608 0.1895 0.2741 0.1484 0.2608 0.1074
0.2957 -0.2148 0.2608 -0.1895 0.2259 -0.2148 0.2608 -0.2402
0.2957 0.2148 0.2608 0.1895 0.2259 0.2148 0.2608 0.2402
0.2475 -0.2812 0.2608 -0.3222 0.2741 -0.2812 0.2608 -0.2402
0.2475 0.2812 0.2608 0.3222 0.2741 0.2812 0.2608 0.2402
0.2957 -0.3476 0.2608 -0.373 0.2259 -0.3476 0.2608 -0.3222
0.2957 0.3476 0.2608 0.373 0.2259 0.3476 0.2608 0.3222
0.2957 0.0 0.309 -0.041 0.2741 -0.0664 0.2608 -0.0254
0.2957 0.0 0.309 0.041 0.2741 0.0664 0.2608 0.0254
0.2957 -0.0821 0.2608 -0.1074 0.2741 -0.0664 0.309 -0.041
0.2957 0.0821 0.2608 0.1074 0.2741 0.0664 0.309 0.041
0.2957 -0.1328 0.2608 -0.1074 0.2741 -0.1484 0.309 -0.1738
0.2957 0.1328 0.2608 0.1074 0.2741 0.1484 0.309 0.1738
0.2957 -0.2148 0.2608 -0.1895 0.2741 -0.1484 0.309 -0.1738
0.2957 0.2148 0.2608 0.1895 0.2741 0.1484 0.309 0.1738
0.2957 -0.2148 0.309 -0.2559 0.2741 -0.2812 0.2608 -0.2402
0.2957 0.2148 0.309 0.2559 0.2741 0.2812 0.2608 0.2402
0.2957 -0.3476 0.309 -0.3066 0.2741 -0.2812 0.2608 -0.3222
0.2957 0.3476 0.309 0.3066 0.2741 0.2812 0.2608 0.3222
0.2608 -0.1074 0.2957 -0.1328 0.3306 -0.1074 0.2957 -0.0821
0.2608 0.1074 0.2957 0.1328 0.3306 0.1074 0.2957 0.0821
0.3439 -0.2812 0.309 -0.3066 0.2741 -0.2812 0.309 -0.2559
0.3439 0.2812 0.309 0.3066 0.2741 0.2812 0.309 0.2559
0.309 -0.041 0.3439 -0.0664 0.3306 -0.1074 0.2957 -0.0821
0.309 0.041 0.3439 0.0664 0.3306 0.1074 0.2957 0.0821
0.309 -0.1738 0.2957 -0.1328 0.3306 -0.1074 0.3439 -0.1484
0.309 0.1738 0.2957 0.1328 0.3306 0.1074 0.3439 0.1484
0.309 -0.2559 0.3439 -0.2812 0.3306 -0.2402 0.2957 -0.2148
0.309 0.2559 0.3439 0.2812 0.3306 0.2402 0.2957 0.2148
0.309 -0.3066 0.3439 -0.2812 0.3306 -0.3222 0.2957 -0.3476
0.309 0.3066 0.3439 0.2812 0.3306 0.3222 0.2957 0.3476
0.2957 0.0 0.309 -0.041 0.3522 -0.041 0.3388 0.0
0.2957 0.0 0.309 0.041 0.3522 0.041 0.3388 0.0
0.2957 -0.2148 0.3388 -0.2148 0.3522 -0.1738 0.309 -0.1738
0.2957 0.2148 0.3388 0.2148 0.3522 0.1738 0.309 0.1738
0.3388 -0.2148 0.3737 -0.2402 0.3306 -0.2402 0.2957 -0.2148
0.3388 0.2148 0.3737 0.2402 0.3306 0.2402 0.2957 0.2148
0.3439 -0.0664 0.3871 -0.0664 0.3522 -0.041 0.309 -0.041
0.3439 0.0664 0.3871 0.0664 0.3522 0.041 0.309 0.041
0.3439 -0.1484 0.3871 -0.1484 0.3522 -0.1738 0.309 -0.1738
0.3439 0.1484 0.3871 0.1484 0.3522 0.1738 0.309 0.1738
0.3871 -0.0664 0.3439 -0.0664 0.3306 -0.1074 0.3737 -0.1074
0.3871 0.0664 0.3439 0.0664 0.3306 0.1074 0.3737 0.1074
0.3871 -0.1484 0.3737 -0.1074 0.3306 -0.1074 0.3439 -0.1484
0.3871 0.1484 0.3737 0.1074 0.3306 0.1074 0.3439 0.1484
0.3871 -0.2812 0.3737 -0.2402 0.3306 -0.2402 0.3439 -0.2812
0.3871 0.2812 0.3737 0.2402 0.3306 0.2402 0.3439 0.2812
0.3871 -0.2812 0.3439 -0.2812 0.3306 -0.3222 0.3737 -0.3222
0.3871 0.2812 0.3439 0.2812 0.3306 0.3222 0.3737 0.3222
0.3737 -0.0254 0.3388 0.0 0.3522 -0.041 0.3871 -0.0664
0.3737 0.0254 0.3388 0.0 0.3522 0.041 0.3871 0.0664
0.3737 -0.2402 0.3871 -0.1992 0.3522 -0.1738 0.3388 -0.2148
0.3737 0.2402 0.3871 0.1992 0.3522 0.1738 0.3388 0.2148
0.3388 0.0 0.3737 -0.0254 0.4086 0.0 0.3737 0.0254
0.3737 -0.1074 0.3871 -0.0664 0.4004 -0.1074 0.3871 -0.1484
0.3737 0.1074 0.3871 0.0664 0.4004 0.1074 0.3871 0.1484
0.422 -0.1738 0.3871 -0.1992 0.3522 -0.1738 0.3871 -0.1484
0.422 0.1738 0.3871 0.1992 0.3522 0.1738 0.3871 0.1484
0.3871 -0.0664 0.3737 -0.0254 0.4086 0.0 0.422 -0.041
0.3871 0.0664 0.3737 0.0254 0.4086 0.0 0.422 0.041
0.3871 -0.1992 0.3737 -0.2402 0.4086 -0.2148 0.422 -0.1738
0.3871 0.1992 0.3737 0.2402 0.4086 0.2148 0.422 0.1738
0.3871 -0.2812 0.3737 -0.2402 0.4086 -0.2148 0.422 -0.2559
0.3871 0.2812 0.3737 0.2402 0.4086 0.2148 0.422 0.2559
0.422 -0.0917 0.4353 -0.1328 0.4004 -0.1074 0.3871 -0.0664
0.422 0.0917 0.4353 0.1328 0.4004 0.1074 0.3871 0.0664
0.422 -0.1738 0.4353 -0.1328 0.4004 -0.1074 0.3871 -0.1484
0.422 0.1738 0.4353 0.1328 0.4004 0.1074 0.3871 0.1484
0.4353 0.0 0.422 -0.041 0.4086 0.0 0.422 0.041
0.3871 -0.0664 0.422 -0.0917 0.4569 -0.0664 0.422 -0.041
0.3871 0.0664 0.422 0.0917 0.4569 0.0664 0.422 0.041
0.4353 -0.1328 0.422 -0.0917 0.4569 -0.0664 0.4702 -0.1074
0.4353 0.1328 0.422 0.0917 0.4569 0.0664 0.4702 0.1074
0.422 -0.041 0.4353 0.0 0.4784 0.0 0.4651 -0.041
0.422 0.041 0.4353 0.0 0.4784 0.0 0.4651 0.041
0.4651 -0.041 0.422 -0.041 0.4569 -0.0664 0.5 -0.0664
0.4651 0.041 0.422 0.041 0.4569 0.0664 0.5 0.0664
