-0.4381 -0.0637 -0.3712 -0.0637 -0.4253 -0.103 -0.4923 -0.103
-0.4381 0.0637 -0.3712 0.0637 -0.4253 0.103 -0.4923 0.103
-0.3712 -0.0637 -0.4381 -0.0637 -0.4588 0.0 -0.3919 0.0
-0.3712 0.0637 -0.4381 0.0637 -0.4588 0.0 -0.3919 0.0
-0.3919 -0.206 -0.3712 -0.1424 -0.4253 -0.103 -0.446 -0.1667
-0.3919 0.206 -0.3712 0.1424 -0.4253 0.103 -0.446 0.1667
-0.3919 0.0 -0.3712 -0.0637 -0.3505 0.0 -0.3712 0.0637
-0.317 -0.103 -0.3712 -0.1424 -0.4253 -0.103 -0.3712 -0.0637
-0.317 0.103 -0.3712 0.1424 -0.4253 0.103 -0.3712 0.0637
-0.3712 -0.1424 -0.3919 -0.206 -0.3377 -0.1667 -0.317 -0.103
-0.3712 0.1424 -0.3919 0.206 -0.3377 0.1667 -0.317 0.103
-0.3712 -0.2697 -0.317 -0.2303 -0.3377 -0.1667 -0.3919 -0.206
-0.3712 0.2697 -0.317 0.2303 -0.3377 0.1667 -0.3919 0.206
-0.317 -0.103 -0.2963 -0.0393 -0.3505 0.0 -0.3712 -0.0637
-0.317 0.103 -0.2963 0.0393 -0.3505 0.0 -0.3712 0.0637
-0.2963 -0.1667 -0.317 -0.103 -0.3377 -0.1667 -0.317 -0.2303
-0.2963 0.1667 -0.317 0.103 -0.3377 0.1667 -0.317 0.2303
-0.3712 -0.2697 -0.317 -0.2303 -0.2629 -0.2697 -0.317 -0.309
-0.3712 0.2697 -0.317 0.2303 -0.2629 0.2697 -0.317 0.309
-0.2422 0.0 -0.2963 -0.0393 -0.3505 0.0 -0.2963 0.0393
-0.2963 -0.0393 -0.2422 0.0 -0.2629 -0.0637 -0.317 -0.103
-0.2963 0.0393 -0.2422 0.0 -0.2629 0.0637 -0.317 0.103
-0.317 -0.103 -0.2963 -0.1667 -0.2294 -0.1667 -0.2501 -0.103
-0.317 0.103 -0.2963 0.1667 -0.2294 0.1667 -0.2501 0.103
-0.317 -0.2303 -0.2501 -0.2303 -0.2294 -0.1667 -0.2963 -0.1667
-0.317 0.2303 -0.2501 0.2303 -0.2294 0.1667 -0.2963 0.1667
-0.317 -0.309 -0.2501 -0.309 -0.2294 -0.3727 -0.2963 -0.3727
-0.317 0.309 -0.2501 0.309 -0.2294 0.3727 -0.2963 0.3727
-0.2501 -0.103 -0.317 -0.103 -0.2629 -0.0637 -0.1959 -0.0637
-0.2501 0.103 -0.317 0.103 -0.2629 0.0637 -0.1959 0.0637
-0.2501 -0.2303 -0.1959 -0.2697 -0.2629 -0.2697 -0.317 -0.2303
-0.2501 0.2303 -0.1959 0.2697 -0.2629 0.2697 -0.317 0.2303
-0.2501 -0.309 -0.317 -0.309 -0.2629 -0.2697 -0.1959 -0.2697
-0.2501 0.309 -0.317 0.309 -0.2629 0.2697 -0.1959 0.2697
-0.1752 0.0 -0.2422 0.0 -0.2629 -0.0637 -0.1959 -0.0637
-0.1752 0.0 -0.2422 0.0 -0.2629 0.0637 -0.1959 0.0637
-0.1959 -0.0637 -0.2501 -0.103 -0.2294 -0.1667 -0.1752 -0.1273
-0.1959 0.0637 -0.2501 0.103 -0.2294 0.1667 -0.1752 0.1273
-0.1959 -0.2697 -0.2501 -0.2303 -0.2294 -0.1667 -0.1752 -0.206
-0.1959 0.2697 -0.2501 0.2303 -0.2294 0.1667 -0.1752 0.206
-0.1959 -0.2697 -0.2501 -0.309 -0.2294 -0.3727 -0.1752 -0.3333
-0.1959 0.2697 -0.2501 0.309 -0.2294 0.3727 -0.1752 0.3333
-0.1959 -0.397 -0.1752 -0.3333 -0.2294 -0.3727 -0.2501 -0.4363
-0.1959 0.397 -0.1752 0.3333 -0.2294 0.3727 -0.2501 0.4363
-0.1211 -0.1667 -0.1752 -0.206 -0.2294 -0.1667 -0.1752 -0.1273
-0.1211 0.1667 -0.1752 0.206 -0.2294 0.1667 -0.1752 0.1273
-0.1752 0.0 -0.1211 -0.0393 -0.1418 -0.103 -0.1959 -0.0637
-0.1752 0.0 -0.1211 0.0393 -0.1418 0.103 -0.1959 0.0637
-0.1752 -0.1273 -0.1211 -0.1667 -0.1418 -0.103 -0.1959 -0.0637
-0.1752 0.1273 -0.1211 0.1667 -0.1418 0.103 -0.1959 0.0637
-0.1752 -0.206 -0.1959 -0.2697 -0.1418 -0.2303 -0.1211 -0.1667
-0.1752 0.206 -0.1959 0.2697 -0.1418 0.2303 -0.1211 0.1667
-0.1752 -0.3333 -0.1959 -0.397 -0.1418 -0.4363 -0.1211 -0.3727
-0.1752 0.3333 -0.1959 0.397 -0.1418 0.4363 -0.1211 0.3727
-0.1959 -0.2697 -0.129 -0.2697 -0.1083 -0.3333 -0.1752 -0.3333
-0.1959 0.2697 -0.129 0.2697 -0.1083 0.3333 -0.1752 0.3333
-0.129 -0.2697 -0.0748 -0.2303 -0.1418 -0.2303 -0.1959 -0.2697
-0.129 0.2697 -0.0748 0.2303 -0.1418 0.2303 -0.1959 0.2697
-0.1211 -0.0393 -0.0542 -0.0393 -0.1083 0.0 -0.1752 0.0
-0.1211 0.0393 -0.0542 0.0393 -0.1083 0.0 -0.1752 0.0
-0.1211 -0.3727 -0.0542 -0.3727 -0.1083 -0.3333 -0.1752 -0.3333
-0.1211 0.3727 -0.0542 0.3727 -0.1083 0.3333 -0.1752 0.3333
-0.0542 -0.0393 -0.0748 -0.103 -0.1418 -0.103 -0.1211 -0.0393
-0.0542 0.0393 -0.0748 0.103 -0.1418 0.103 -0.1211 0.0393
-0.0542 -0.1667 -0.0748 -0.103 -0.1418 -0.103 -0.1211 -0.1667
-0.0542 0.1667 -0.0748 0.103 -0.1418 0.103 -0.1211 0.1667
-0.0542 -0.1667 -0.0748 -0.2303 -0.1418 -0.2303 -0.1211 -0.1667
-0.0542 0.1667 -0.0748 0.2303 -0.1418 0.2303 -0.1211 0.1667
-0.0542 -0.3727 -0.0748 -0.4363 -0.1418 -0.4363 -0.1211 -0.3727
-0.0542 0.3727 -0.0748 0.4363 -0.1418 0.4363 -0.1211 0.3727
-0.0748 -0.2303 -0.0542 -0.294 -0.1083 -0.3333 -0.129 -0.2697
-0.0748 0.2303 -0.0542 0.294 -0.1083 0.3333 -0.129 0.2697
0.0 0.0 -0.0542 -0.0393 -0.1083 0.0 -0.0542 0.0393
-0.0748 -0.103 -0.0542 -0.0393 -0.0335 -0.103 -0.0542 -0.1667
-0.0748 0.103 -0.0542 0.0393 -0.0335 0.103 -0.0542 0.1667
0.0 -0.3333 -0.0542 -0.294 -0.1083 -0.3333 -0.0542 -0.3727
0.0 0.3333 -0.0542 0.294 -0.1083 0.3333 -0.0542 0.3727
-0.0748 -0.4363 -0.0542 -0.3727 -0.0335 -0.4363 -0.0542 -0.5
-0.0748 0.4363 -0.0542 0.3727 -0.0335 0.4363 -0.0542 0.5
-0.0542 -0.1667 -0.0748 -0.2303 -0.0207 -0.2697 0.0 -0.206
-0.0542 0.1667 -0.0748 0.2303 -0.0207 0.2697 0.0 0.206
-0.0542 -0.294 -0.0748 -0.2303 -0.0207 -0.2697 0.0 -0.3333
-0.0542 0.294 -0.0748 0.2303 -0.0207 0.2697 0.0 0.3333
0.0 0.0 0.0207 -0.0637 -0.0335 -0.103 -0.0542 -0.0393
0.0 0.0 0.0207 0.0637 -0.0335 0.103 -0.0542 0.0393
0.0 -0.1273 0.0207 -0.0637 -0.0335 -0.103 -0.0542 -0.1667
0.0 0.1273 0.0207 0.0637 -0.0335 0.103 -0.0542 0.1667
0.0 -0.3333 0.0207 -0.397 -0.0335 -0.4363 -0.0542 -0.3727
0.0 0.3333 0.0207 0.397 -0.0335 0.4363 -0.0542 0.3727
-0.0542 -0.1667 0.0 -0.1273 0.0542 -0.1667 0.0 -0.206
-0.0542 0.1667 0.0 0.1273 0.0542 0.1667 0.0 0.206
0.0207 -0.2697 0.0 -0.3333 -0.0207 -0.2697 0.0 -0.206
0.0207 0.2697 0.0 0.3333 -0.0207 0.2697 0.0 0.206
0.0748 -0.4363 0.0207 -0.397 -0.0335 -0.4363 0.0207 -0.4757
0.0748 0.4363 0.0207 0.397 -0.0335 0.4363 0.0207 0.4757
0.0207 -0.0637 0.0748 -0.103 0.0542 -0.1667 0.0 -0.1273
0.0207 0.0637 0.0748 0.103 0.0542 0.1667 0.0 0.1273
0.0207 -0.397 0.0748 -0.4363 0.0542 -0.3727 0.0 -0.3333
0.0207 0.397 0.0748 0.4363 0.0542 0.3727 0.0 0.3333
0.0 0.0 0.0669 0.0 0.0876 -0.0637 0.0207 -0.0637
0.0 0.0 0.0669 0.0 0.0876 0.0637 0.0207 0.0637
0.0 -0.206 0.0207 -0.2697 0.0876 -0.2697 0.0669 -0.206
0.0 0.206 0.0207 0.2697 0.0876 0.2697 0.0669 0.206
0.0 -0.3333 0.0669 -0.3333 0.0876 -0.2697 0.0207 -0.2697
0.0 0.3333 0.0669 0.3333 0.0876 0.2697 0.0207 0.2697
0.0669 -0.206 0.1211 -0.1667 0.0542 -0.1667 0.0 -0.206
0.0669 0.206 0.1211 0.1667 0.0542 0.1667 0.0 0.206
0.0669 -0.3333 0.0 -0.3333 0.0542 -0.3727 0.1211 -0.3727
0.0669 0.3333 0.0 0.3333 0.0542 0.3727 0.1211 0.3727
0.0748 -0.103 0.0207 -0.0637 0.0876 -0.0637 0.1418 -0.103
0.0748 0.103 0.0207 0.0637 0.0876 0.0637 0.1418 0.103
0.1418 -0.103 0.0748 -0.103 0.0542 -0.1667 0.1211 -0.1667
0.1418 0.103 0.0748 0.103 0.0542 0.1667 0.1211 0.1667
0.1418 -0.4363 0.1211 -0.3727 0.0542 -0.3727 0.0748 -0.4363
0.1418 0.4363 0.1211 0.3727 0.0542 0.3727 0.0748 0.4363
0.1211 -0.0393 0.0669 0.0 0.0876 -0.0637 0.1418 -0.103
0.1211 0.0393 0.0669 0.0 0.0876 0.0637 0.1418 0.103
0.1211 -0.1667 0.1418 -0.2303 0.0876 -0.2697 0.0669 -0.206
0.1211 0.1667 0.1418 0.2303 0.0876 0.2697 0.0669 0.206
0.1211 -0.3727 0.1418 -0.309 0.0876 -0.2697 0.0669 -0.3333
0.1211 0.3727 0.1418 0.309 0.0876 0.2697 0.0669 0.3333
0.0669 0.0 0.1211 -0.0393 0.1752 0.0 0.1211 0.0393
0.1959 -0.2697 0.1418 -0.309 0.0876 -0.2697 0.1418 -0.2303
0.1959 0.2697 0.1418 0.309 0.0876 0.2697 0.1418 0.2303
0.1418 -0.103 0.1211 -0.0393 0.1752 0.0 0.1959 -0.0637
0.1418 0.103 0.1211 0.0393 0.1752 0.0 0.1959 0.0637
0.1418 -0.103 0.1959 -0.1424 0.1752 -0.206 0.1211 -0.1667
0.1418 0.103 0.1959 0.1424 0.1752 0.206 0.1211 0.1667
0.1418 -0.2303 0.1959 -0.2697 0.1752 -0.206 0.1211 -0.1667
0.1418 0.2303 0.1959 0.2697 0.1752 0.206 0.1211 0.1667
0.1418 -0.309 0.1959 -0.2697 0.1752 -0.3333 0.1211 -0.3727
0.1418 0.309 0.1959 0.2697 0.1752 0.3333 0.1211 0.3727
0.1418 -0.4363 0.1211 -0.3727 0.1752 -0.3333 0.1959 -0.397
0.1418 0.4363 0.1211 0.3727 0.1752 0.3333 0.1959 0.397
0.2166 0.0 0.1959 -0.0637 0.1752 0.0 0.1959 0.0637
0.1418 -0.103 0.1959 -0.1424 0.2501 -0.103 0.1959 -0.0637
0.1418 0.103 0.1959 0.1424 0.2501 0.103 0.1959 0.0637
0.2166 -0.206 0.1959 -0.1424 0.1752 -0.206 0.1959 -0.2697
0.2166 0.206 0.1959 0.1424 0.1752 0.206 0.1959 0.2697
0.2166 -0.3333 0.1959 -0.397 0.1752 -0.3333 0.1959 -0.2697
0.2166 0.3333 0.1959 0.397 0.1752 0.3333 0.1959 0.2697
0.1959 -0.0637 0.2629 -0.0637 0.2836 0.0 0.2166 0.0
0.1959 0.0637 0.2629 0.0637 0.2836 0.0 0.2166 0.0
0.1959 -0.1424 0.2629 -0.1424 0.2836 -0.206 0.2166 -0.206
0.1959 0.1424 0.2629 0.1424 0.2836 0.206 0.2166 0.206
0.1959 -0.2697 0.2166 -0.206 0.2836 -0.206 0.2629 -0.2697
0.1959 0.2697 0.2166 0.206 0.2836 0.206 0.2629 0.2697
0.1959 -0.2697 0.2166 -0.3333 0.2836 -0.3333 0.2629 -0.2697
0.1959 0.2697 0.2166 0.3333 0.2836 0.3333 0.2629 0.2697
0.1959 -0.397 0.2166 -0.3333 0.2836 -0.3333 0.2629 -0.397
0.1959 0.397 0.2166 0.3333 0.2836 0.3333 0.2629 0.397
0.2629 -0.0637 0.317 -0.103 0.2501 -0.103 0.1959 -0.0637
0.2629 0.0637 0.317 0.103 0.2501 0.103 0.1959 0.0637
0.2629 -0.1424 0.1959 -0.1424 0.2501 -0.103 0.317 -0.103
0.2629 0.1424 0.1959 0.1424 0.2501 0.103 0.317 0.103
0.317 -0.103 0.3377 -0.0393 0.2836 0.0 0.2629 -0.0637
0.317 0.103 0.3377 0.0393 0.2836 0.0 0.2629 0.0637
0.317 -0.103 0.2629 -0.1424 0.2836 -0.206 0.3377 -0.1667
0.317 0.103 0.2629 0.1424 0.2836 0.206 0.3377 0.1667
0.317 -0.2303 0.3377 -0.1667 0.2836 -0.206 0.2629 -0.2697
0.317 0.2303 0.3377 0.1667 0.2836 0.206 0.2629 0.2697
0.317 -0.309 0.2629 -0.2697 0.2836 -0.3333 0.3377 -0.3727
0.317 0.309 0.2629 0.2697 0.2836 0.3333 0.3377 0.3727
0.2629 -0.2697 0.317 -0.309 0.3712 -0.2697 0.317 -0.2303
0.2629 0.2697 0.317 0.309 0.3712 0.2697 0.317 0.2303
0.3919 0.0 0.3377 -0.0393 0.2836 0.0 0.3377 0.0393
0.3377 -0.0393 0.317 -0.103 0.3712 -0.0637 0.3919 0.0
0.3377 0.0393 0.317 0.103 0.3712 0.0637 0.3919 0.0
0.3377 -0.1667 0.3919 -0.206 0.3712 -0.2697 0.317 -0.2303
0.3377 0.1667 0.3919 0.206 0.3712 0.2697 0.317 0.2303
0.317 -0.103 0.384 -0.103 0.4046 -0.1667 0.3377 -0.1667
0.317 0.103 0.384 0.103 0.4046 0.1667 0.3377 0.1667
0.384 -0.103 0.4381 -0.0637 0.3712 -0.0637 0.317 -0.103
0.384 0.103 0.4381 0.0637 0.3712 0.0637 0.317 0.103
0.3919 -0.206 0.3377 -0.1667 0.4046 -0.1667 0.4588 -0.206
0.3919 0.206 0.3377 0.1667 0.4046 0.1667 0.4588 0.206
0.4588 0.0 0.3919 0.0 0.3712 -0.0637 0.4381 -0.0637
0.4588 0.0 0.3919 0.0 0.3712 0.0637 0.4381 0.0637
0.4381 -0.0637 0.384 -0.103 0.4046 -0.1667 0.4588 -0.1273
0.4381 0.0637 0.384 0.103 0.4046 0.1667 0.4588 0.1273
